-2.00018 -4.70619 0.01121
-1.99618 -4.7062 0.01098
-1.99218 -4.70641 0.01075
-1.98818 -4.70643 0.01059
-1.98418 -4.70719 0.01058
-1.98018 -4.70694 0.0103
-1.97618 -4.7073 0.00976
-1.97218 -4.70755 0.00939
-1.96818 -4.70783 0.00876
-1.96418 -4.70773 0.00885
-1.96018 -4.70722 0.00872
-1.95618 -4.70688 0.00865
-1.95218 -4.70691 0.00851
-1.94818 -4.70633 0.00865
-1.94418 -4.7067 0.00844
-1.94018 -4.70567 0.0087
-1.93618 -4.7047 0.00944
-1.93218 -4.70354 0.00971
-1.92818 -4.70246 0.01017
-1.92418 -4.70077 0.01087
-1.92018 -4.69956 0.01162
-1.91618 -4.69842 0.01193
-1.91218 -4.6984 0.01202
-1.90818 -4.69773 0.01203
-1.90418 -4.69708 0.01268
-1.90018 -4.69584 0.01337
-1.89618 -4.69496 0.0139
-1.89218 -4.69372 0.01453
-1.88818 -4.6903 0.01543
-1.88418 -4.6864 0.01659
-1.88018 -4.68051 0.01864
-1.87618 -4.67486 0.02096
-1.87218 -4.66977 0.02316
-1.86818 -4.66666 0.02435
-1.86418 -4.66469 0.02535
-1.86018 -4.66315 0.02593
-1.85618 -4.66229 0.02629
-1.85218 -4.66113 0.02676
-1.84818 -4.65883 0.02803
-1.84418 -4.6559 0.02963
-1.84018 -4.65261 0.03137
-1.83618 -4.64978 0.0324
-1.83218 -4.64692 0.03369
-1.82818 -4.64335 0.03546
-1.82418 -4.64061 0.03654
-1.82018 -4.63727 0.03862
-1.81618 -4.63491 0.04004
-1.81218 -4.63213 0.0415
-1.80818 -4.62911 0.04291
-1.80418 -4.62366 0.04475
-1.80018 -4.61766 0.04568
-1.79618 -4.61573 0.04542
-1.79218 -4.61387 0.04548
-1.78818 -4.6113 0.04513
-1.78418 -4.60869 0.04568
-1.78018 -4.60467 0.04672
-1.77618 -4.59905 0.04834
-1.77218 -4.59426 0.04971
-1.76818 -4.58617 0.05155
-1.76418 -4.57713 0.05343
-1.76018 -4.57023 0.05569
-1.75618 -4.56128 0.05845
-1.75218 -4.5526 0.06128
-1.74818 -4.54465 0.06411
-1.74418 -4.53641 0.06684
-1.74018 -4.52686 0.06975
-1.73618 -4.5179 0.07251
-1.73218 -4.5121 0.07415
-1.72818 -4.50583 0.076
-1.72418 -4.49956 0.07781
-1.72018 -4.49375 0.07976
-1.71618 -4.48814 0.08161
-1.71218 -4.48172 0.08381
-1.70818 -4.47341 0.08653
-1.70418 -4.46506 0.08903
-1.70018 -4.45754 0.09136
-1.69618 -4.44926 0.09373
-1.69218 -4.44134 0.0962
-1.68818 -4.43244 0.09881
-1.68418 -4.42516 0.10103
-1.68018 -4.41777 0.10328
-1.67618 -4.41004 0.10525
-1.67218 -4.40409 0.10711
-1.66818 -4.39855 0.10885
-1.66418 -4.39295 0.1104
-1.66018 -4.38783 0.11182
-1.65618 -4.38334 0.11295
-1.65218 -4.37772 0.11462
-1.64818 -4.37108 0.11633
-1.64418 -4.36561 0.1177
-1.64018 -4.35951 0.11927
-1.63618 -4.35257 0.12104
-1.63218 -4.34562 0.12277
-1.62818 -4.33951 0.12427
-1.62418 -4.33395 0.12561
-1.62018 -4.32808 0.12703
-1.61618 -4.32239 0.1283
-1.61218 -4.31698 0.12929
-1.60818 -4.31232 0.13026
-1.60418 -4.30733 0.13107
-1.60018 -4.30228 0.13198
-1.59618 -4.29595 0.13309
-1.59218 -4.2904 0.13431
-1.58818 -4.28353 0.13561
-1.58418 -4.27776 0.1365
-1.58018 -4.27113 0.13758
-1.57618 -4.26685 0.13828
-1.57218 -4.25949 0.13959
-1.56818 -4.25345 0.14078
-1.56418 -4.24661 0.14201
-1.56018 -4.24035 0.14308
-1.55618 -4.23472 0.14435
-1.55218 -4.22878 0.14537
-1.54818 -4.223 0.14656
-1.54418 -4.21688 0.14769
-1.54018 -4.21181 0.14885
-1.53618 -4.20652 0.14978
-1.53218 -4.20139 0.1508
-1.52818 -4.19584 0.15193
-1.52418 -4.19 0.15316
-1.52018 -4.18478 0.15404
-1.51618 -4.18074 0.15477
-1.51218 -4.17603 0.15551
-1.50818 -4.17348 0.15632
-1.50418 -4.1699 0.15681
-1.50018 -4.16564 0.15756
-1.49618 -4.16115 0.15838
-1.49218 -4.1562 0.15914
-1.48818 -4.15177 0.16002
-1.48418 -4.14535 0.16111
-1.48018 -4.13769 0.16237
-1.47618 -4.13125 0.16385
-1.47218 -4.12339 0.16487
-1.46818 -4.11921 0.1663
-1.46418 -4.11222 0.16747
-1.46018 -4.10551 0.16859
-1.45618 -4.09818 0.16963
-1.45218 -4.09071 0.17039
-1.44818 -4.08466 0.1714
-1.44418 -4.07866 0.17249
-1.44018 -4.07227 0.17333
-1.43618 -4.06643 0.17426
-1.43218 -4.05953 0.17524
-1.42818 -4.05388 0.17632
-1.42418 -4.04772 0.17748
-1.42018 -4.04251 0.17838
-1.41618 -4.03655 0.17946
-1.41218 -4.0312 0.18063
-1.40818 -4.02517 0.18184
-1.40418 -4.01656 0.18287
-1.40018 -4.01041 0.18403
-1.39618 -4.00068 0.18498
-1.39218 -3.99134 0.18572
-1.38818 -3.98707 0.18667
-1.38418 -3.97585 0.18745
-1.38018 -3.96976 0.18828
-1.37618 -3.96395 0.18925
-1.37218 -3.95761 0.19008
-1.36818 -3.95551 0.19096
-1.36418 -3.9498 0.19171
-1.36018 -3.94351 0.1925
-1.35618 -3.93449 0.19313
-1.35218 -3.92591 0.19374
-1.34818 -3.9176 0.19422
-1.34418 -3.90934 0.19498
-1.34018 -3.90226 0.19548
-1.33618 -3.89547 0.19636
-1.33218 -3.88804 0.19704
-1.32818 -3.88291 0.19766
-1.32418 -3.87392 0.1984
-1.32018 -3.8668 0.19912
-1.31618 -3.85744 0.19962
-1.31218 -3.8479 0.20058
-1.30818 -3.83733 0.20099
-1.30418 -3.82866 0.2018
-1.30018 -3.81857 0.20202
-1.29617 -3.80488 0.20222
-1.29217 -3.7952 0.20245
-1.28817 -3.78525 0.20272
-1.28417 -3.77356 0.20309
-1.28017 -3.76193 0.20342
-1.27617 -3.75087 0.20382
-1.27217 -3.7387 0.20404
-1.26817 -3.72682 0.20461
-1.26417 -3.71528 0.20525
-1.26017 -3.70198 0.2056
-1.25617 -3.69129 0.20615
-1.25217 -3.67928 0.20667
-1.24817 -3.668 0.20744
-1.24417 -3.65448 0.208
-1.24017 -3.64473 0.20848
-1.23617 -3.63494 0.20911
-1.23217 -3.62358 0.20984
-1.22817 -3.61164 0.21028
-1.22417 -3.59812 0.21081
-1.22017 -3.58541 0.21117
-1.21617 -3.57405 0.21151
-1.21217 -3.56067 0.21199
-1.20817 -3.5477 0.21256
-1.20417 -3.53683 0.21299
-1.20017 -3.52254 0.21348
-1.19617 -3.51089 0.21384
-1.19217 -3.49821 0.2144
-1.18817 -3.48299 0.2149
-1.18417 -3.47127 0.2152
-1.18017 -3.45887 0.2156
-1.17617 -3.44813 0.21571
-1.17217 -3.43768 0.21597
-1.16817 -3.42588 0.21648
-1.16417 -3.41262 0.21679
-1.16017 -3.39866 0.21713
-1.15617 -3.38449 0.21741
-1.15217 -3.37017 0.2175
-1.14817 -3.3545 0.21776
-1.14417 -3.33921 0.21809
-1.14017 -3.3217 0.21798
-1.13617 -3.30525 0.21799
-1.13217 -3.2874 0.21793
-1.12817 -3.27063 0.21785
-1.12417 -3.25363 0.21792
-1.12017 -3.23897 0.21822
-1.11617 -3.22226 0.21836
-1.11217 -3.20286 0.21807
-1.10817 -3.18441 0.21812
-1.10417 -3.16635 0.21811
-1.10017 -3.14191 0.21788
-1.09617 -3.12304 0.21795
-1.09217 -3.1037 0.21789
-1.08817 -3.0826 0.21785
-1.08417 -3.06406 0.21792
-1.08017 -3.04704 0.21796
-1.07617 -3.03018 0.21784
-1.07217 -3.01631 0.21799
-1.06817 -2.99948 0.21802
-1.06417 -2.98307 0.21814
-1.06017 -2.96871 0.21845
-1.05617 -2.95491 0.21877
-1.05217 -2.93994 0.21912
-1.04817 -2.92534 0.21924
-1.04417 -2.91036 0.21958
-1.04017 -2.89476 0.21966
-1.03617 -2.87991 0.22001
-1.03217 -2.86449 0.22013
-1.02817 -2.84464 0.22042
-1.02417 -2.82681 0.22052
-1.02017 -2.80923 0.22061
-1.01617 -2.7906 0.22082
-1.01217 -2.77331 0.22083
-1.00817 -2.75451 0.22104
-1.00417 -2.73976 0.22088
-1.00017 -2.7237 0.22081
-0.99617 -2.70858 0.22049
-0.99217 -2.69445 0.22021
-0.98817 -2.6749 0.21991
-0.98417 -2.65672 0.21964
-0.98017 -2.6388 0.21915
-0.97617 -2.61879 0.21893
-0.97217 -2.60209 0.21858
-0.96817 -2.58552 0.21842
-0.96417 -2.56603 0.21838
-0.96017 -2.55084 0.21843
-0.95617 -2.53096 0.21864
-0.95217 -2.51426 0.21874
-0.94817 -2.49962 0.21853
-0.94417 -2.48145 0.21881
-0.94017 -2.46737 0.21886
-0.93617 -2.44978 0.21915
-0.93217 -2.43317 0.21923
-0.92817 -2.41765 0.21932
-0.92417 -2.40082 0.2195
-0.92017 -2.38613 0.21957
-0.91617 -2.37046 0.22
-0.91217 -2.35588 0.22021
-0.90817 -2.34057 0.2205
-0.90417 -2.32403 0.22075
-0.90017 -2.30993 0.2209
-0.89617 -2.29539 0.22113
-0.89217 -2.28101 0.2212
-0.88817 -2.26735 0.22117
-0.88417 -2.25002 0.22101
-0.88017 -2.23337 0.22089
-0.87617 -2.21621 0.22091
-0.87217 -2.20135 0.22095
-0.86817 -2.18586 0.22109
-0.86417 -2.1702 0.22114
-0.86017 -2.15401 0.22085
-0.85617 -2.13734 0.22074
-0.85217 -2.12169 0.22055
-0.84817 -2.10554 0.22042
-0.84417 -2.09087 0.2206
-0.84017 -2.07489 0.22037
-0.83617 -2.05671 0.22043
-0.83217 -2.03678 0.21964
-0.82817 -2.01759 0.21905
-0.82417 -2.00171 0.21862
-0.82017 -1.98599 0.21827
-0.81617 -1.97157 0.21812
-0.81217 -1.95564 0.21789
-0.80817 -1.9398 0.21761
-0.80417 -1.92413 0.21712
-0.80017 -1.90645 0.21655
-0.79617 -1.88813 0.21572
-0.79217 -1.87179 0.21522
-0.78817 -1.85639 0.21474
-0.78417 -1.84016 0.21436
-0.78017 -1.82592 0.2138
-0.77617 -1.81154 0.21361
-0.77217 -1.79785 0.21317
-0.76817 -1.78352 0.21262
-0.76417 -1.77042 0.2124
-0.76017 -1.75624 0.21182
-0.75617 -1.74355 0.21135
-0.75217 -1.7297 0.21072
-0.74817 -1.71586 0.21006
-0.74417 -1.70086 0.20918
-0.74017 -1.68304 0.2078
-0.73617 -1.66627 0.20617
-0.73217 -1.64839 0.20469
-0.72817 -1.6325 0.20331
-0.72417 -1.6163 0.2018
-0.72017 -1.6009 0.20045
-0.71617 -1.58885 0.1994
-0.71217 -1.57316 0.19766
-0.70817 -1.55566 0.19545
-0.70417 -1.5378 0.19274
-0.70017 -1.51867 0.19038
-0.69617 -1.49928 0.18754
-0.69217 -1.4792 0.18478
-0.68817 -1.46146 0.18256
-0.68417 -1.44132 0.17979
-0.68017 -1.4228 0.1776
-0.67617 -1.40605 0.17536
-0.67217 -1.38616 0.17225
-0.66817 -1.36829 0.16986
-0.66417 -1.35012 0.16711
-0.66017 -1.3318 0.16462
-0.65617 -1.31554 0.16234
-0.65217 -1.29878 0.16045
-0.64817 -1.28313 0.15856
-0.64417 -1.26919 0.15715
-0.64017 -1.25392 0.15528
-0.63617 -1.23659 0.15308
-0.63217 -1.2182 0.15048
-0.62817 -1.20248 0.14871
-0.62417 -1.18605 0.14663
-0.62017 -1.16946 0.14475
-0.61617 -1.15551 0.14337
-0.61217 -1.14132 0.14167
-0.60817 -1.12457 0.13947
-0.60417 -1.10903 0.13747
-0.60017 -1.09152 0.13522
-0.59617 -1.07479 0.13274
-0.59217 -1.0583 0.13045
-0.58817 -1.04274 0.1283
-0.58417 -1.02871 0.12618
-0.58017 -1.01317 0.12392
-0.57617 -0.99854 0.12183
-0.57217 -0.98478 0.11996
-0.56817 -0.97056 0.11794
-0.56417 -0.95727 0.1163
-0.56017 -0.94438 0.11487
-0.55617 -0.93017 0.1132
-0.55217 -0.91788 0.11161
-0.54817 -0.904 0.10999
-0.54417 -0.89213 0.10883
-0.54017 -0.87811 0.10727
-0.53617 -0.86484 0.10583
-0.53217 -0.85225 0.10453
-0.52817 -0.8406 0.10367
-0.52417 -0.8316 0.10408
-0.52017 -0.8244 0.10558
-0.51617 -0.81661 0.10662
-0.51217 -0.80579 0.10615
-0.50817 -0.7954 0.10604
-0.50417 -0.78508 0.10566
-0.50017 -0.77451 0.10512
-0.49617 -0.76293 0.10372
-0.49217 -0.75007 0.10145
-0.48817 -0.73767 0.09916
-0.48417 -0.72605 0.09713
-0.48017 -0.71413 0.09498
-0.47617 -0.70219 0.09263
-0.47217 -0.68952 0.09021
-0.46817 -0.67704 0.08795
-0.46416 -0.6651 0.08575
-0.46016 -0.65233 0.08368
-0.45616 -0.64024 0.08191
-0.45216 -0.62792 0.07992
-0.44816 -0.61611 0.07824
-0.44416 -0.60454 0.07636
-0.44016 -0.5931 0.07485
-0.43617 -0.58237 0.07333
-0.43217 -0.57185 0.07173
-0.42817 -0.56109 0.07022
-0.42417 -0.55071 0.06872
-0.42017 -0.5412 0.06715
-0.41617 -0.53117 0.06577
-0.41217 -0.52092 0.06414
-0.40817 -0.51155 0.06262
-0.40417 -0.50178 0.06127
-0.40016 -0.49211 0.05992
-0.39616 -0.48329 0.05876
-0.39216 -0.47415 0.05761
-0.38816 -0.4656 0.05643
-0.38416 -0.45662 0.05534
-0.38016 -0.44823 0.05426
-0.37616 -0.44023 0.05329
-0.37216 -0.43276 0.0523
-0.36816 -0.42518 0.05143
-0.36416 -0.41728 0.05046
-0.36016 -0.41002 0.04972
-0.35616 -0.40243 0.04889
-0.35216 -0.39481 0.04804
-0.34816 -0.38755 0.04727
-0.34416 -0.38043 0.04641
-0.34016 -0.37269 0.04562
-0.33616 -0.36471 0.04487
-0.33216 -0.35747 0.04411
-0.32816 -0.35179 0.04344
-0.32416 -0.34447 0.04273
-0.32016 -0.33755 0.04213
-0.31616 -0.33075 0.04145
-0.31216 -0.32385 0.04075
-0.30816 -0.31692 0.04018
-0.30416 -0.31073 0.03953
-0.30016 -0.30418 0.03887
-0.29616 -0.29793 0.03834
-0.29216 -0.29196 0.03775
-0.28816 -0.28592 0.03713
-0.28416 -0.27991 0.03655
-0.28016 -0.27409 0.03602
-0.27616 -0.26803 0.03541
-0.27216 -0.26175 0.03476
-0.26816 -0.25635 0.03426
-0.26416 -0.24994 0.03367
-0.26016 -0.24395 0.0332
-0.25616 -0.23865 0.03274
-0.25216 -0.23307 0.03218
-0.24816 -0.22765 0.03179
-0.24416 -0.22228 0.03131
-0.24016 -0.21623 0.03088
-0.23616 -0.21157 0.0305
-0.23216 -0.20609 0.03002
-0.22816 -0.20092 0.02959
-0.22416 -0.19556 0.02915
-0.22016 -0.19052 0.02871
-0.21616 -0.18581 0.02833
-0.21216 -0.18063 0.02784
-0.20816 -0.1757 0.0274
-0.20416 -0.17068 0.02699
-0.20016 -0.16588 0.02648
-0.19616 -0.16129 0.02604
-0.19216 -0.15655 0.02552
-0.18816 -0.15206 0.02508
-0.18416 -0.14734 0.02468
-0.18016 -0.14319 0.02427
-0.17616 -0.13813 0.02377
-0.17216 -0.13403 0.02328
-0.16816 -0.12959 0.02286
-0.16416 -0.1251 0.02239
-0.16016 -0.12038 0.02199
-0.15616 -0.11615 0.0217
-0.15216 -0.1112 0.02124
-0.14816 -0.10719 0.02095
-0.14416 -0.10267 0.02058
-0.14016 -0.0977 0.02025
-0.13616 -0.09335 0.01991
-0.13216 -0.08888 0.01956
-0.12816 -0.08476 0.01923
-0.12416 -0.08006 0.0189
-0.12016 -0.07566 0.01853
-0.11616 -0.07111 0.01829
-0.11216 -0.06655 0.01782
-0.10816 -0.06229 0.01747
-0.10416 -0.058 0.01711
-0.10016 -0.05382 0.01666
-0.09616 -0.0494 0.01632
-0.09216 -0.04483 0.01583
-0.08816 -0.04039 0.01548
-0.08416 -0.03586 0.01508
-0.08016 -0.03128 0.01463
-0.07616 -0.027 0.01423
-0.07216 -0.02224 0.01384
-0.06816 -0.01742 0.01343
-0.06416 -0.01285 0.01304
-0.06016 -0.00778 0.01265
-0.05616 -0.00285 0.01222
-0.05216 0.00212 0.01183
-0.04816 0.00679 0.01146
-0.04416 0.01207 0.01104
-0.04016 0.01698 0.01062
-0.03616 0.02203 0.01025
-0.03216 0.0269 0.00982
-0.02816 0.03222 0.00942
-0.02416 0.03731 0.00904
-0.02016 0.04216 0.00861
-0.01616 0.04731 0.00816
-0.01216 0.05226 0.0077
-0.00816 0.05769 0.00724
-0.00416 0.06292 0.00676
-0.000305371 0.06798 0.00627
0.00369 0.0734 0.00576
0.00769 0.07887 0.00523
0.01169 0.08443 0.00469
0.01569 0.09027 0.00414
0.01969 0.0961 0.00363
0.02369 0.10201 0.00309
0.0277 0.10811 0.00262
0.0317 0.11405 0.0022
0.03569 0.12065 0.00186
0.0397 0.1269 0.00177
0.0437 0.13356 0.00198
0.0477 0.14042 0.00232
0.0517 0.1476 0.00285
0.0557 0.15509 0.00347
0.0597 0.16235 0.00411
0.0637 0.17034 0.00478
0.0677 0.1775 0.0055
0.0717 0.18502 0.00619
0.0757 0.19235 0.0069
0.0797 0.20057 0.00767
0.0837 0.20852 0.00849
0.0877 0.21654 0.00943
0.0917 0.22485 0.01033
0.0957 0.23307 0.01129
0.0997 0.24171 0.01232
0.1037 0.25083 0.01334
0.1077 0.25945 0.0144
0.1117 0.26835 0.01542
0.1157 0.27736 0.01631
0.1197 0.28648 0.01737
0.1237 0.29609 0.01848
0.1277 0.30573 0.01948
0.1317 0.31549 0.02055
0.1357 0.32474 0.0215
0.1397 0.33476 0.02257
0.1437 0.34528 0.02365
0.1477 0.35582 0.0248
0.1517 0.36663 0.02592
0.1557 0.37761 0.0271
0.1597 0.38881 0.02818
0.1637 0.39979 0.02944
0.1677 0.41097 0.0305
0.1717 0.42228 0.03173
0.1757 0.43368 0.03287
0.1797 0.44525 0.03403
0.1837 0.45669 0.03516
0.1877 0.46839 0.03645
0.1917 0.4805 0.03767
0.1957 0.49243 0.03903
0.1997 0.50478 0.04029
0.2037 0.51739 0.04165
0.2077 0.53095 0.04308
0.2117 0.54446 0.04449
0.2157 0.55715 0.04567
0.2197 0.57108 0.04716
0.2237 0.58411 0.04834
0.2277 0.59763 0.04959
0.2317 0.61054 0.05063
0.2357 0.62398 0.05176
0.2397 0.63802 0.05304
0.2437 0.65214 0.05436
0.2477 0.66596 0.05565
0.2517 0.68181 0.05708
0.2557 0.69633 0.05835
0.2597 0.71089 0.05964
0.2637 0.72722 0.06132
0.2677 0.74275 0.06264
0.2717 0.75911 0.06443
0.2757 0.77526 0.0661
0.2797 0.78962 0.06739
0.2837 0.80481 0.06872
0.2877 0.82152 0.07044
0.2917 0.83781 0.07215
0.2957 0.85557 0.07381
0.2997 0.87297 0.07564
0.3037 0.89033 0.07744
0.3077 0.90889 0.07923
0.3117 0.92536 0.08047
0.3157 0.94362 0.08192
0.3197 0.96221 0.08347
0.3237 0.98004 0.08497
0.3277 0.99924 0.08671
0.3317 1.01653 0.08822
0.3357 1.03463 0.09002
0.3397 1.05481 0.09168
0.3437 1.07313 0.09304
0.3477 1.09305 0.09437
0.3517 1.11283 0.09598
0.3557 1.13215 0.09735
0.3597 1.15258 0.09889
0.3637 1.17332 0.1005
0.3677 1.19495 0.10277
0.3717 1.21776 0.10497
0.3757 1.23976 0.10709
0.3797 1.26342 0.10997
0.3837 1.28438 0.1121
0.3877 1.30586 0.11412
0.3917 1.32754 0.11616
0.3957 1.3508 0.1185
0.3997 1.37238 0.12046
0.4037 1.39523 0.1226
0.4077 1.41721 0.12465
0.4117 1.44121 0.12671
0.4157 1.46454 0.12879
0.4197 1.48797 0.13094
0.4237 1.51017 0.13274
0.4277 1.53289 0.13496
0.4317 1.55796 0.13746
0.4357 1.58442 0.13992
0.4397 1.61003 0.14211
0.4437 1.63853 0.14477
0.4477 1.66493 0.1477
0.4517 1.69636 0.15118
0.4557 1.72716 0.15417
0.4597 1.75981 0.15717
0.4637 1.78806 0.16011
0.4677 1.81941 0.16339
0.4717 1.85251 0.16651
0.4757 1.88362 0.16957
0.4797 1.91646 0.17344
0.4837 1.95015 0.17707
0.4877 1.97977 0.17985
0.4917 2.01407 0.18355
0.4957 2.04562 0.18734
0.4997 2.07878 0.19094
0.5037 2.11201 0.19466
0.5077 2.14356 0.19773
0.5117 2.17675 0.2007
0.5157 2.20958 0.20364
0.5197 2.24032 0.20595
0.5237 2.27414 0.20655
0.5277 2.30305 0.20686
0.5317 2.33472 0.20719
0.5357 2.3633 0.20731
0.5397 2.39512 0.20766
0.5437 2.42855 0.20824
0.5477 2.46288 0.20843
0.5517 2.49493 0.20886
0.5557 2.52938 0.20948
0.5597 2.56516 0.2105
0.5637 2.60527 0.21174
0.5677 2.6468 0.21287
0.5717 2.68913 0.2143
0.5757 2.72497 0.21549
0.5797 2.76387 0.21661
0.5837 2.79894 0.21748
0.5877 2.83958 0.21806
0.5917 2.87569 0.21858
0.5957 2.91343 0.21927
0.5997 2.95093 0.22027
0.6037 2.99159 0.22148
0.6077 3.03532 0.22288
0.6117 3.08225 0.2237
0.6157 3.12405 0.2246
0.6197 3.16595 0.22529
0.6237 3.20967 0.22621
0.6277 3.25376 0.22647
0.6317 3.2969 0.22678
0.6357 3.34713 0.22749
0.6397 3.39493 0.22817
0.6437 3.43948 0.22891
0.6477 3.4785 0.22876
0.6517 3.52181 0.22942
0.6557 3.56072 0.22979
0.6597 3.60587 0.23057
0.6637 3.65343 0.23267
0.6677 3.70973 0.23498
0.6717 3.75706 0.23592
0.6757 3.80464 0.23697
0.6797 3.85264 0.23845
0.6837 3.89676 0.23985
0.6877 3.94439 0.24191
0.6917 3.99461 0.24392
0.6957 4.04033 0.24538
0.6997 4.09284 0.24717
0.7037 4.14498 0.24895
0.7077 4.19717 0.25086
0.7117 4.25523 0.25297
0.7157 4.3117 0.25534
0.7197 4.36619 0.25731
0.7237 4.4249 0.26016
0.7277 4.48983 0.26308
0.7317 4.55583 0.26662
0.7357 4.61941 0.2701
0.7397 4.68631 0.27394
0.7437 4.74925 0.27754
0.7477 4.81458 0.28112
0.7517 4.88175 0.28477
0.7557 4.94714 0.28869
0.7597 5.01456 0.29307
0.7637 5.08022 0.2965
0.7677 5.1394 0.29857
0.7717 5.19942 0.30026
0.7757 5.25291 0.30128
0.7797 5.31417 0.3027
0.7837 5.3726 0.30352
0.7877 5.43004 0.30438
0.7917 5.48647 0.30596
0.7957 5.55557 0.30667
0.7997 5.62578 0.30796
0.8037 5.68784 0.30969
0.8077 5.74806 0.31148
0.8117 5.8117 0.31348
0.8157 5.87862 0.3158
0.8197 5.94874 0.31804
0.8237 6.02462 0.32098
0.8277 6.09374 0.32343
0.8317 6.16285 0.3257
0.8357 6.24118 0.32847
0.8397 6.31061 0.33036
0.84371 6.39119 0.33371
0.84771 6.46964 0.33763
0.85171 6.54736 0.34072
0.85571 6.62695 0.34418
0.85971 6.70796 0.34691
0.8637 6.78672 0.34897
0.8677 6.86206 0.35094
0.8717 6.93121 0.35254
0.8757 7.00165 0.35387
0.8797 7.07459 0.35557
0.8837 7.14378 0.35646
0.8877 7.20726 0.35497
0.8917 7.26127 0.35402
0.8957 7.32026 0.35319
0.8997 7.37432 0.35198
0.9037 7.4314 0.35035
0.9077 7.48178 0.34853
0.9117 7.53426 0.34689
0.9157 7.58189 0.34528
0.9197 7.63282 0.34364
0.92371 7.68403 0.34234
0.92771 7.73171 0.34046
0.93171 7.771 0.3389
0.93571 7.8141 0.33797
0.93971 7.85631 0.33647
0.94371 7.90127 0.33533
0.94771 7.95748 0.33396
0.95171 8.0083 0.3326
0.95571 8.06419 0.33117
0.95971 8.11478 0.33012
0.96371 8.1601 0.32894
0.96771 8.20695 0.32745
0.97171 8.2511 0.32624
0.97571 8.29375 0.32492
0.97971 8.33454 0.32283
0.98371 8.3698 0.3202
0.98771 8.40794 0.3177
0.99171 8.44487 0.3146
0.99571 8.47962 0.31127
0.99971 8.50906 0.30747
1.00371 8.54049 0.30406
1.00771 8.56735 0.30091
1.01171 8.59474 0.29745
1.01571 8.61775 0.29407
1.01971 8.6437 0.29064
1.02371 8.66348 0.28752
1.02771 8.68631 0.28529
1.03171 8.71111 0.28284
1.03571 8.73635 0.28067
1.03971 8.75956 0.27823
1.04371 8.78465 0.27596
1.04771 8.81096 0.27315
1.05171 8.8432 0.27064
1.05571 8.87306 0.26764
1.05971 8.90346 0.26441
1.06371 8.926 0.26196
1.06771 8.94222 0.25993
1.07171 8.96278 0.25828
1.07571 8.98491 0.25608
1.07971 9.00864 0.25323
1.08371 9.02885 0.25022
1.08771 9.04946 0.24686
1.09171 9.06947 0.24364
1.09571 9.08708 0.24072
1.09971 9.10794 0.23706
1.10371 9.12391 0.23386
1.10771 9.14127 0.23078
1.11171 9.16371 0.22794
1.11571 9.18933 0.22469
1.11971 9.21402 0.22159
1.12371 9.22729 0.21965
1.12771 9.23771 0.2179
1.13171 9.25038 0.21609
1.13571 9.26162 0.21457
1.13971 9.27673 0.21194
1.14371 9.28723 0.20981
1.14771 9.30212 0.20658
1.15171 9.31791 0.20343
1.15571 9.33639 0.19984
1.15971 9.35359 0.19625
1.16371 9.37267 0.1924
1.16771 9.39056 0.18877
1.17171 9.40596 0.18555
1.17571 9.41777 0.18178
1.17971 9.43498 0.17756
1.18371 9.44846 0.17423
1.18771 9.46004 0.17078
1.19171 9.4723 0.16732
1.19571 9.48282 0.16445
1.19971 9.49673 0.16147
1.20371 9.51319 0.15741
1.20771 9.52951 0.15309
1.21171 9.5469 0.1486
1.21571 9.56107 0.14483
1.21971 9.57834 0.14079
1.22371 9.58791 0.13898
1.22771 9.60145 0.13568
1.23171 9.61722 0.13196
1.23571 9.63045 0.12911
1.23971 9.64578 0.12646
1.24371 9.65845 0.12435
1.24771 9.67467 0.12121
1.25171 9.68846 0.11905
1.25571 9.70375 0.11636
1.25971 9.71316 0.11537
1.26371 9.72152 0.11367
1.26771 9.72682 0.11246
1.27171 9.73498 0.11083
1.27571 9.74753 0.10846
1.27971 9.76074 0.10502
1.28371 9.77118 0.10258
1.28771 9.77794 0.10118
1.29171 9.78949 0.09929
1.29571 9.79792 0.09759
1.29971 9.80659 0.09475
1.30371 9.81754 0.09206
1.30771 9.82439 0.09009
1.31171 9.83136 0.08703
1.31571 9.84025 0.08382
1.31971 9.84893 0.07992
1.32371 9.85691 0.07584
1.32771 9.86592 0.07298
1.33171 9.87365 0.07032
1.33571 9.88432 0.0674
1.33971 9.89075 0.06472
1.34371 9.89605 0.06343
1.34771 9.90441 0.06086
1.35171 9.91075 0.05879
1.35571 9.91621 0.05762
1.35971 9.92225 0.05627
1.36371 9.92676 0.05452
1.36771 9.93259 0.05213
1.37171 9.93723 0.04992
1.37571 9.9406 0.04762
1.37971 9.94626 0.04387
1.38371 9.94979 0.04121
1.38771 9.95201 0.04063
1.39171 9.95486 0.03967
1.39571 9.95983 0.03596
1.39971 9.96561 0.03177
1.40371 9.97068 0.0281
1.40771 9.97427 0.02451
1.41171 9.97605 0.02273
1.41571 9.97764 0.02114
1.41971 9.9767 0.02208
1.42371 9.9762 0.02258
1.42771 9.97661 0.02217
1.43171 9.97873 0.02005
1.43571 9.97892 0.01986
1.43971 9.98037 0.01841
1.44371 9.9827 0.01608
1.44771 9.98417 0.01461
1.45171 9.9848 0.01398
1.45571 9.98685 0.01193
1.45971 9.98864 0.01014
1.46371 9.98901 0.00977
1.46771 9.98782 0.01096
1.47171 9.98514 0.01364
1.47571 9.98439 0.01439
1.47971 9.98463 0.01415
1.48371 9.98499 0.01379
1.48771 9.98765 0.01113
1.49171 9.98879 0.00999
1.49571 9.9899 0.00888
1.49971 9.99205 0.00673
1.50371 9.99399 0.00479
1.50771 9.99524 0.00354
1.51171 9.99487 0.0035
1.51571 9.99188 0.00489
1.51971 9.98804 0.00752
1.52371 9.983 0.01066
1.52771 9.97679 0.01376
1.53171 9.97163 0.01633
1.53571 9.96813 0.01836
1.53971 9.96641 0.01986
1.54371 9.966 0.02107
1.54771 9.96203 0.02338
1.55171 9.95922 0.02494
1.55571 9.95643 0.0269
1.55971 9.95314 0.02881
1.56371 9.94939 0.03076
1.56771 9.94836 0.03196
1.57171 9.94856 0.03298
1.57571 9.94877 0.03385
1.57971 9.9467 0.0345
1.58371 9.94867 0.03371
1.58771 9.94959 0.03396
1.59171 9.95166 0.0327
1.59571 9.95406 0.03137
1.59971 9.95433 0.03114
1.60371 9.95534 0.0304
1.60771 9.95553 0.03027
1.61171 9.95681 0.02938
1.61571 9.95862 0.02814
1.61971 9.9606 0.0268
1.62371 9.96223 0.02572
1.62771 9.96332 0.02506
1.63171 9.96428 0.0242
1.63571 9.96388 0.02453
1.63971 9.96582 0.02307
1.64371 9.96903 0.02085
1.64771 9.97151 0.01909
1.65171 9.97446 0.01703
1.65571 9.97667 0.01548
1.65971 9.9799 0.01321
1.66371 9.98329 0.01085
1.66771 9.98702 0.00824
1.67171 9.98964 0.00641
1.67571 9.99141 0.00517
1.67971 9.99407 0.00336
1.68371 9.99451 0.003
1.68771 9.99553 0.00256
1.69171 9.99531 0.00347
1.69571 9.99492 0.00386
1.69971 9.99504 0.00374
1.70371 9.99538 0.0034
1.70771 9.99621 0.00257
1.71171 9.99691 0.00187
1.71571 9.99804 0.0007446
1.71971 9.99878 0
1.72371 9.99878 0
1.72771 9.99845 0.0003296
1.73171 9.9971 0.00168
1.73571 9.99574 0.00304
1.73971 9.99497 0.00381
1.74372 9.99375 0.00503
1.74772 9.99349 0.00529
1.75172 9.99337 0.00541
1.75572 9.99384 0.00494
1.75972 9.99425 0.00453
1.76372 9.99456 0.00422
1.76772 9.99432 0.00446
1.77172 9.99531 0.00347
1.77572 9.99694 0.00184
1.77972 9.99506 0.00372
1.78372 9.99268 0.0061
1.78772 9.9911 0.00768
1.79172 9.98918 0.0096
1.79572 9.98821 0.01057
1.79972 9.9882 0.01058
1.80372 9.98677 0.01201
1.80772 9.98539 0.01339
1.81172 9.98351 0.01527
1.81572 9.98251 0.01627
1.81972 9.9814 0.01738
1.82372 9.98029 0.01849
1.82772 9.98112 0.01766
1.83172 9.98101 0.01777
1.83572 9.98115 0.01763
1.83972 9.98135 0.01743
1.84372 9.98115 0.01763
1.84772 9.98262 0.01616
1.85172 9.98307 0.01571
1.85572 9.97915 0.01702
1.85972 9.97377 0.01911
1.86372 9.9733 0.01985
1.86772 9.97441 0.01991
1.87172 9.97561 0.01997
1.87572 9.97753 0.01932
1.87972 9.97905 0.01841
1.88372 9.98076 0.01761
1.88772 9.98277 0.01601
1.89172 9.98466 0.01412
1.89572 9.98676 0.01202
1.89972 9.98863 0.01015
1.90372 9.98999 0.00879
1.90772 9.99073 0.00805
1.91172 9.99117 0.00761
1.91572 9.99134 0.00744
1.91972 9.99224 0.00654
1.92372 9.99085 0.00634
1.92772 9.99223 0.00601
1.93172 9.99195 0.00683
1.93572 9.99221 0.00657
1.93972 9.99346 0.00532
1.94372 9.99474 0.00404
1.94772 9.99598 0.0028
1.95172 9.99714 0.00164
1.95572 9.99817 0.0006104
1.95972 9.99878 0
1.96372 9.99878 0
1.96772 9.99878 0
1.97172 9.99414 0.00464
1.97572 9.99383 0.00495
1.97972 9.99431 0.00447
1.98372 9.98633 0.00728
1.98772 9.97598 0.01485
1.99172 9.9658 0.02267