-2.00018 -4.70595 0.00218
-1.99618 -4.7058 0.00222
-1.99218 -4.70553 0.00223
-1.98818 -4.70569 0.00224
-1.98418 -4.70538 0.00223
-1.98018 -4.70529 0.00219
-1.97618 -4.70493 0.00222
-1.97218 -4.70503 0.00217
-1.96818 -4.70488 0.00224
-1.96418 -4.70469 0.0022
-1.96018 -4.70439 0.0022
-1.95618 -4.7043 0.00219
-1.95218 -4.70407 0.00223
-1.94818 -4.70436 0.0022
-1.94418 -4.7037 0.00218
-1.94018 -4.70373 0.0022
-1.93618 -4.70348 0.00216
-1.93218 -4.70345 0.00218
-1.92818 -4.70326 0.00218
-1.92418 -4.70307 0.0022
-1.92018 -4.70299 0.00216
-1.91618 -4.70281 0.00215
-1.91218 -4.7024 0.00218
-1.90818 -4.70244 0.00217
-1.90418 -4.70243 0.00219
-1.90018 -4.70217 0.00215
-1.89618 -4.70191 0.00216
-1.89218 -4.70172 0.00215
-1.88818 -4.70188 0.00218
-1.88418 -4.70188 0.00217
-1.88018 -4.70146 0.00215
-1.87618 -4.70122 0.00222
-1.87218 -4.7011 0.00214
-1.86818 -4.70109 0.00214
-1.86418 -4.70061 0.00215
-1.86018 -4.70048 0.00217
-1.85618 -4.70045 0.00218
-1.85218 -4.7002 0.00218
-1.84818 -4.69998 0.00219
-1.84418 -4.69977 0.00221
-1.84018 -4.69957 0.00218
-1.83618 -4.6997 0.00215
-1.83218 -4.69936 0.00214
-1.82818 -4.69922 0.00218
-1.82418 -4.69885 0.00218
-1.82018 -4.69887 0.0022
-1.81618 -4.69835 0.00218
-1.81218 -4.69807 0.00222
-1.80818 -4.69779 0.00221
-1.80418 -4.69737 0.00223
-1.80018 -4.69675 0.00226
-1.79618 -4.69663 0.00226
-1.79218 -4.69624 0.00235
-1.78818 -4.69539 0.00249
-1.78418 -4.69529 0.00254
-1.78018 -4.69484 0.00269
-1.77618 -4.69466 0.00289
-1.77218 -4.69376 0.003
-1.76818 -4.69349 0.00319
-1.76418 -4.69276 0.00327
-1.76018 -4.69185 0.00346
-1.75618 -4.69129 0.00364
-1.75218 -4.69011 0.0039
-1.74818 -4.68938 0.00411
-1.74418 -4.68892 0.00437
-1.74018 -4.68779 0.00488
-1.73618 -4.68708 0.00539
-1.73218 -4.68609 0.00589
-1.72818 -4.68511 0.00662
-1.72418 -4.68307 0.00736
-1.72018 -4.68142 0.00804
-1.71618 -4.67956 0.00877
-1.71218 -4.6774 0.00954
-1.70818 -4.67502 0.01055
-1.70418 -4.67263 0.01155
-1.70018 -4.67013 0.01246
-1.69618 -4.66738 0.01329
-1.69218 -4.66449 0.01411
-1.68818 -4.66101 0.01509
-1.68418 -4.65767 0.01606
-1.68018 -4.65488 0.01702
-1.67618 -4.65175 0.01806
-1.67218 -4.64814 0.01915
-1.66818 -4.64483 0.02022
-1.66418 -4.64234 0.02123
-1.66018 -4.63941 0.02218
-1.65618 -4.63635 0.0231
-1.65218 -4.63376 0.02413
-1.64818 -4.62993 0.02508
-1.64418 -4.62561 0.02613
-1.64018 -4.62058 0.02732
-1.63618 -4.61621 0.02832
-1.63218 -4.61237 0.02922
-1.62818 -4.60988 0.02988
-1.62418 -4.60519 0.0309
-1.62018 -4.59987 0.03218
-1.61618 -4.59528 0.03364
-1.61218 -4.59238 0.03453
-1.60818 -4.59072 0.03511
-1.60418 -4.58797 0.03595
-1.60018 -4.58406 0.03687
-1.59618 -4.58082 0.03782
-1.59218 -4.57619 0.03899
-1.58818 -4.57164 0.04028
-1.58418 -4.56629 0.04153
-1.58018 -4.56008 0.04292
-1.57618 -4.55416 0.04423
-1.57218 -4.54849 0.04582
-1.56818 -4.54125 0.04755
-1.56418 -4.5329 0.04946
-1.56018 -4.5266 0.05108
-1.55618 -4.52162 0.05255
-1.55218 -4.51637 0.05398
-1.54818 -4.50982 0.0555
-1.54418 -4.50305 0.05711
-1.54018 -4.49683 0.05859
-1.53618 -4.49189 0.05995
-1.53218 -4.48541 0.06143
-1.52818 -4.48014 0.0626
-1.52418 -4.47463 0.06377
-1.52018 -4.46898 0.06482
-1.51618 -4.46338 0.06588
-1.51218 -4.45691 0.06685
-1.50818 -4.45035 0.06806
-1.50418 -4.44707 0.06905
-1.50018 -4.44266 0.0701
-1.49618 -4.4366 0.07149
-1.49218 -4.42938 0.07301
-1.48818 -4.42343 0.07447
-1.48418 -4.4178 0.07571
-1.48018 -4.41259 0.07696
-1.47618 -4.40778 0.07826
-1.47218 -4.40193 0.07972
-1.46818 -4.39251 0.08121
-1.46418 -4.38427 0.08248
-1.46018 -4.37653 0.08363
-1.45618 -4.36778 0.0847
-1.45218 -4.35964 0.08581
-1.44818 -4.3503 0.08695
-1.44418 -4.34191 0.08807
-1.44018 -4.33404 0.08907
-1.43618 -4.32491 0.09038
-1.43218 -4.31545 0.09147
-1.42818 -4.30618 0.09269
-1.42418 -4.29732 0.09393
-1.42018 -4.28931 0.095
-1.41618 -4.28086 0.09615
-1.41218 -4.27266 0.09721
-1.40818 -4.26302 0.09833
-1.40418 -4.25293 0.09958
-1.40018 -4.24132 0.10081
-1.39618 -4.23079 0.10216
-1.39218 -4.22049 0.10331
-1.38818 -4.21081 0.10455
-1.38418 -4.20089 0.10576
-1.38018 -4.19061 0.10704
-1.37618 -4.1805 0.1083
-1.37218 -4.16989 0.10966
-1.36818 -4.15994 0.1105
-1.36418 -4.15154 0.1114
-1.36018 -4.14312 0.11237
-1.35618 -4.13315 0.11366
-1.35218 -4.12318 0.11496
-1.34818 -4.11187 0.11617
-1.34418 -4.10168 0.11732
-1.34018 -4.0911 0.11843
-1.33618 -4.08014 0.11962
-1.33218 -4.07027 0.12066
-1.32818 -4.05906 0.1217
-1.32418 -4.04937 0.12249
-1.32018 -4.03883 0.12343
-1.31618 -4.02654 0.12469
-1.31218 -4.01319 0.12596
-1.30818 -3.99966 0.1272
-1.30418 -3.98708 0.12838
-1.30018 -3.97456 0.12966
-1.29617 -3.96225 0.13093
-1.29217 -3.94936 0.1322
-1.28817 -3.93536 0.13339
-1.28417 -3.92306 0.13472
-1.28017 -3.91159 0.13587
-1.27617 -3.89979 0.13725
-1.27217 -3.8873 0.13874
-1.26817 -3.87468 0.14008
-1.26417 -3.86127 0.1414
-1.26017 -3.84966 0.14223
-1.25617 -3.83855 0.14295
-1.25217 -3.8288 0.14344
-1.24817 -3.81851 0.14387
-1.24417 -3.80756 0.14437
-1.24017 -3.79578 0.14505
-1.23617 -3.78302 0.14581
-1.23217 -3.76916 0.14648
-1.22817 -3.75536 0.14715
-1.22417 -3.74256 0.14795
-1.22017 -3.72861 0.14877
-1.21617 -3.7156 0.14962
-1.21217 -3.70324 0.1503
-1.20817 -3.69032 0.15112
-1.20417 -3.67564 0.15194
-1.20017 -3.66074 0.15283
-1.19617 -3.64564 0.1538
-1.19217 -3.63074 0.15485
-1.18817 -3.61682 0.15588
-1.18417 -3.60314 0.15689
-1.18017 -3.58973 0.15786
-1.17617 -3.57679 0.15886
-1.17217 -3.56403 0.15984
-1.16817 -3.55256 0.16078
-1.16417 -3.54031 0.16183
-1.16017 -3.52648 0.16279
-1.15617 -3.5127 0.16383
-1.15217 -3.49889 0.16467
-1.14817 -3.48557 0.1656
-1.14417 -3.47018 0.16642
-1.14017 -3.45581 0.16717
-1.13617 -3.44285 0.16799
-1.13217 -3.43029 0.16888
-1.12817 -3.41696 0.16976
-1.12417 -3.4035 0.17059
-1.12017 -3.38828 0.17118
-1.11617 -3.37196 0.17153
-1.11217 -3.35544 0.17163
-1.10817 -3.33894 0.17181
-1.10417 -3.32349 0.17196
-1.10017 -3.30799 0.1722
-1.09617 -3.29139 0.17229
-1.09217 -3.27625 0.17248
-1.08817 -3.26008 0.1727
-1.08417 -3.24361 0.17298
-1.08017 -3.22612 0.17321
-1.07617 -3.20953 0.17339
-1.07217 -3.19247 0.17348
-1.06817 -3.17717 0.17356
-1.06417 -3.16236 0.17364
-1.06017 -3.14824 0.17374
-1.05617 -3.13279 0.17384
-1.05217 -3.11715 0.17399
-1.04817 -3.10206 0.17406
-1.04417 -3.08712 0.1742
-1.04017 -3.07294 0.17443
-1.03617 -3.05741 0.17446
-1.03217 -3.04159 0.17457
-1.02817 -3.02605 0.17467
-1.02417 -3.01085 0.17484
-1.02017 -2.99483 0.17504
-1.01617 -2.97895 0.17516
-1.01217 -2.96208 0.1754
-1.00817 -2.94685 0.17571
-1.00417 -2.93122 0.17608
-1.00017 -2.91357 0.17629
-0.99617 -2.89687 0.17657
-0.99217 -2.88264 0.17701
-0.98817 -2.86732 0.17723
-0.98417 -2.85296 0.17753
-0.98017 -2.84115 0.17823
-0.97617 -2.8295 0.17907
-0.97217 -2.81584 0.17947
-0.96817 -2.80191 0.17997
-0.96417 -2.78528 0.17995
-0.96017 -2.76824 0.17976
-0.95617 -2.75202 0.1798
-0.95217 -2.73326 0.1795
-0.94817 -2.71495 0.17919
-0.94417 -2.69763 0.17887
-0.94017 -2.68205 0.17876
-0.93617 -2.66522 0.17866
-0.93217 -2.64757 0.17842
-0.92817 -2.63 0.17818
-0.92417 -2.61262 0.17807
-0.92017 -2.59523 0.17786
-0.91617 -2.57892 0.17765
-0.91217 -2.56253 0.17748
-0.90817 -2.54689 0.17746
-0.90417 -2.53108 0.17747
-0.90017 -2.51553 0.1776
-0.89617 -2.50002 0.17764
-0.89217 -2.48423 0.17763
-0.88817 -2.46904 0.17754
-0.88417 -2.45465 0.17751
-0.88017 -2.44045 0.1776
-0.87617 -2.42393 0.17746
-0.87217 -2.40822 0.17742
-0.86817 -2.39086 0.17717
-0.86417 -2.37421 0.17687
-0.86017 -2.35796 0.1766
-0.85617 -2.3423 0.17648
-0.85217 -2.3265 0.17624
-0.84817 -2.30986 0.17591
-0.84417 -2.29264 0.17546
-0.84017 -2.2774 0.17524
-0.83617 -2.26171 0.17497
-0.83217 -2.24542 0.17463
-0.82817 -2.22931 0.1742
-0.82417 -2.21204 0.1737
-0.82017 -2.1954 0.1732
-0.81617 -2.17934 0.17259
-0.81217 -2.1617 0.17178
-0.80817 -2.14442 0.17094
-0.80417 -2.12705 0.17014
-0.80017 -2.11094 0.16932
-0.79617 -2.09409 0.16844
-0.79217 -2.07769 0.16742
-0.78817 -2.0624 0.16649
-0.78417 -2.04586 0.1654
-0.78017 -2.02827 0.16426
-0.77617 -2.013 0.16359
-0.77217 -1.99813 0.16288
-0.76817 -1.98244 0.16201
-0.76417 -1.96721 0.16111
-0.76017 -1.95132 0.15988
-0.75617 -1.93436 0.15835
-0.75217 -1.91694 0.1569
-0.74817 -1.9003 0.15544
-0.74417 -1.88401 0.15426
-0.74017 -1.86788 0.15316
-0.73617 -1.85033 0.15158
-0.73217 -1.83294 0.15001
-0.72817 -1.81773 0.14905
-0.72417 -1.80334 0.14818
-0.72017 -1.78845 0.14741
-0.71617 -1.77339 0.14662
-0.71217 -1.75812 0.14595
-0.70817 -1.74136 0.14494
-0.70417 -1.72403 0.1441
-0.70017 -1.7062 0.14302
-0.69617 -1.68866 0.14186
-0.69217 -1.67078 0.14064
-0.68817 -1.65377 0.1395
-0.68417 -1.63623 0.13829
-0.68017 -1.61985 0.13703
-0.67617 -1.60316 0.13572
-0.67217 -1.58737 0.13463
-0.66817 -1.57177 0.13362
-0.66417 -1.55564 0.13247
-0.66017 -1.53989 0.13133
-0.65617 -1.52486 0.1301
-0.65217 -1.50907 0.12883
-0.64817 -1.49326 0.12745
-0.64417 -1.47834 0.12615
-0.64017 -1.46285 0.12489
-0.63617 -1.44768 0.12377
-0.63217 -1.43222 0.12251
-0.62817 -1.41718 0.12124
-0.62417 -1.40161 0.11988
-0.62017 -1.38636 0.11848
-0.61617 -1.37067 0.11727
-0.61217 -1.35539 0.11588
-0.60817 -1.33926 0.11428
-0.60417 -1.32403 0.11288
-0.60017 -1.30883 0.11161
-0.59617 -1.29387 0.1103
-0.59217 -1.27821 0.10904
-0.58817 -1.26412 0.10778
-0.58417 -1.25125 0.10711
-0.58017 -1.23828 0.10635
-0.57617 -1.22577 0.10555
-0.57217 -1.21291 0.10444
-0.56817 -1.19842 0.1026
-0.56417 -1.18445 0.10083
-0.56017 -1.17137 0.09926
-0.55617 -1.15755 0.09776
-0.55217 -1.14462 0.0962
-0.54817 -1.13229 0.09449
-0.54417 -1.11936 0.09293
-0.54017 -1.10594 0.09145
-0.53617 -1.09309 0.08996
-0.53217 -1.07971 0.08853
-0.52817 -1.06657 0.08715
-0.52417 -1.05379 0.08582
-0.52017 -1.04044 0.08458
-0.51617 -1.02772 0.08345
-0.51217 -1.01525 0.08231
-0.50817 -1.00331 0.08115
-0.50417 -0.99145 0.08
-0.50017 -0.97975 0.07897
-0.49617 -0.96841 0.07783
-0.49217 -0.9568 0.07669
-0.48817 -0.94523 0.07558
-0.48417 -0.93356 0.07444
-0.48017 -0.92203 0.07325
-0.47617 -0.91073 0.07207
-0.47217 -0.89951 0.07106
-0.46817 -0.88827 0.06995
-0.46416 -0.8779 0.06897
-0.46016 -0.86779 0.06792
-0.45616 -0.85724 0.067
-0.45216 -0.84719 0.06608
-0.44816 -0.83687 0.06518
-0.44416 -0.82672 0.06436
-0.44016 -0.81707 0.0636
-0.43617 -0.80685 0.06277
-0.43217 -0.79682 0.06191
-0.42817 -0.78662 0.06107
-0.42417 -0.77632 0.06024
-0.42017 -0.76619 0.05938
-0.41617 -0.75585 0.05858
-0.41217 -0.74541 0.05782
-0.40817 -0.73444 0.05698
-0.40417 -0.72423 0.05618
-0.40016 -0.71378 0.0554
-0.39616 -0.70382 0.05462
-0.39216 -0.694 0.05397
-0.38816 -0.68476 0.05325
-0.38416 -0.67508 0.05257
-0.38016 -0.66568 0.05184
-0.37616 -0.65635 0.0512
-0.37216 -0.64716 0.05054
-0.36816 -0.63805 0.04992
-0.36416 -0.62896 0.04934
-0.36016 -0.61992 0.04873
-0.35616 -0.61107 0.04822
-0.35216 -0.60269 0.04767
-0.34816 -0.59436 0.04707
-0.34416 -0.58611 0.04651
-0.34016 -0.57749 0.04586
-0.33616 -0.56924 0.04524
-0.33216 -0.56065 0.04456
-0.32816 -0.5526 0.04403
-0.32416 -0.5437 0.0434
-0.32016 -0.53543 0.0428
-0.31616 -0.5273 0.04225
-0.31216 -0.51866 0.04168
-0.30816 -0.50982 0.04107
-0.30416 -0.50172 0.04053
-0.30016 -0.49323 0.04002
-0.29616 -0.48511 0.03947
-0.29216 -0.47725 0.03883
-0.28816 -0.46925 0.03826
-0.28416 -0.46102 0.0378
-0.28016 -0.45347 0.03729
-0.27616 -0.44555 0.0368
-0.27216 -0.43789 0.03629
-0.26816 -0.42986 0.03575
-0.26416 -0.42225 0.0352
-0.26016 -0.41437 0.0347
-0.25616 -0.40683 0.03417
-0.25216 -0.39973 0.03368
-0.24816 -0.39234 0.03321
-0.24416 -0.38413 0.03267
-0.24016 -0.37633 0.03213
-0.23616 -0.36897 0.03155
-0.23216 -0.36133 0.03101
-0.22816 -0.35367 0.03049
-0.22416 -0.34633 0.03004
-0.22016 -0.33855 0.02962
-0.21616 -0.33083 0.02924
-0.21216 -0.32376 0.0288
-0.20816 -0.31612 0.02839
-0.20416 -0.30882 0.0279
-0.20016 -0.30099 0.02741
-0.19616 -0.29398 0.02688
-0.19216 -0.28653 0.02637
-0.18816 -0.27902 0.02585
-0.18416 -0.27141 0.02533
-0.18016 -0.26446 0.02488
-0.17616 -0.25659 0.02435
-0.17216 -0.24904 0.02384
-0.16816 -0.24222 0.02348
-0.16416 -0.23526 0.02311
-0.16016 -0.22869 0.02274
-0.15616 -0.22174 0.02232
-0.15216 -0.21504 0.0219
-0.14816 -0.20801 0.02146
-0.14416 -0.2012 0.02112
-0.14016 -0.19457 0.02068
-0.13616 -0.1876 0.02029
-0.13216 -0.18101 0.01994
-0.12816 -0.17448 0.0196
-0.12416 -0.16767 0.01923
-0.12016 -0.16111 0.01885
-0.11616 -0.15354 0.01846
-0.11216 -0.147 0.01805
-0.10816 -0.14048 0.01763
-0.10416 -0.13371 0.01727
-0.10016 -0.1273 0.01693
-0.09616 -0.12051 0.01653
-0.09216 -0.11381 0.01608
-0.08816 -0.107 0.01573
-0.08416 -0.10036 0.0153
-0.08016 -0.09384 0.01486
-0.07616 -0.08728 0.01442
-0.07216 -0.08047 0.01396
-0.06816 -0.0742 0.01356
-0.06416 -0.06745 0.01315
-0.06016 -0.0609 0.01267
-0.05616 -0.05408 0.01226
-0.05216 -0.0478 0.01179
-0.04816 -0.04107 0.01139
-0.04416 -0.03439 0.01094
-0.04016 -0.02783 0.01051
-0.03616 -0.02101 0.01006
-0.03216 -0.014 0.00959
-0.02816 -0.00669 0.00917
-0.02416 0.000128164 0.00876
-0.02016 0.00716 0.00827
-0.01616 0.01352 0.00783
-0.01216 0.02123 0.00743
-0.00816 0.02821 0.00692
-0.00416 0.03533 0.00646
-0.000305371 0.04232 0.00598
0.00369 0.04971 0.0055
0.00769 0.05688 0.00501
0.01169 0.06364 0.00454
0.01569 0.07114 0.00407
0.01969 0.07811 0.00361
0.02369 0.08562 0.00311
0.0277 0.09264 0.00265
0.0317 0.09999 0.00219
0.03569 0.10707 0.00178
0.0397 0.11412 0.0014
0.0437 0.12113 0.00112
0.0477 0.12898 0.000972489
0.0517 0.13585 0.0011
0.0557 0.1437 0.00132
0.0597 0.15124 0.00164
0.0637 0.15894 0.00204
0.0677 0.16678 0.0026
0.0717 0.17512 0.00314
0.0757 0.18295 0.0036
0.0797 0.19169 0.00428
0.0837 0.20013 0.00502
0.0877 0.20876 0.0057
0.0917 0.21769 0.00629
0.0957 0.22646 0.00701
0.0997 0.23518 0.00762
0.1037 0.24392 0.00833
0.1077 0.25267 0.009
0.1117 0.26145 0.00962
0.1157 0.27012 0.01016
0.1197 0.27918 0.01067
0.1237 0.28812 0.01129
0.1277 0.29724 0.0117
0.1317 0.30627 0.01233
0.1357 0.31628 0.01293
0.1397 0.32579 0.01374
0.1437 0.33584 0.01447
0.1477 0.34614 0.01518
0.1517 0.35619 0.01585
0.1557 0.3665 0.01643
0.1597 0.37718 0.01717
0.1637 0.38811 0.01815
0.1677 0.39976 0.01912
0.1717 0.41087 0.01987
0.1757 0.42232 0.02059
0.1797 0.43355 0.02115
0.1837 0.44571 0.0219
0.1877 0.45757 0.02255
0.1917 0.47005 0.0233
0.1957 0.4818 0.0239
0.1997 0.49381 0.02447
0.2037 0.50591 0.02516
0.2077 0.51791 0.0258
0.2117 0.53012 0.02643
0.2157 0.54252 0.02714
0.2197 0.55497 0.0278
0.2237 0.56747 0.02846
0.2277 0.58022 0.02928
0.2317 0.59337 0.03016
0.2357 0.60776 0.03118
0.2397 0.622 0.0322
0.2437 0.63626 0.03323
0.2477 0.65153 0.0344
0.2517 0.66666 0.03551
0.2557 0.68145 0.03638
0.2597 0.6971 0.03735
0.2637 0.713 0.03848
0.2677 0.73014 0.03978
0.2717 0.74681 0.04114
0.2757 0.76402 0.04238
0.2797 0.78223 0.04399
0.2837 0.80004 0.04568
0.2877 0.81747 0.04712
0.2917 0.83452 0.04851
0.2957 0.85275 0.05005
0.2997 0.87188 0.05161
0.3037 0.89096 0.05318
0.3077 0.90953 0.05491
0.3117 0.92875 0.05629
0.3157 0.9481 0.05792
0.3197 0.96874 0.05982
0.3237 0.98822 0.06115
0.3277 1.00861 0.06287
0.3317 1.02896 0.06465
0.3357 1.05007 0.06667
0.3397 1.07111 0.06889
0.3437 1.09241 0.07075
0.3477 1.11479 0.07273
0.3517 1.13714 0.07471
0.3557 1.15861 0.07654
0.3597 1.18041 0.07831
0.3637 1.20287 0.08039
0.3677 1.22582 0.08276
0.3717 1.25119 0.0857
0.3757 1.27509 0.08819
0.3797 1.29786 0.09012
0.3837 1.32228 0.09208
0.3877 1.34693 0.09413
0.3917 1.37283 0.09626
0.3957 1.39949 0.0986
0.3997 1.42517 0.10028
0.4037 1.45099 0.10175
0.4077 1.47642 0.1034
0.4117 1.50146 0.10452
0.4157 1.52849 0.10653
0.4197 1.55488 0.10838
0.4237 1.58032 0.10997
0.4277 1.60536 0.11148
0.4317 1.63199 0.11303
0.4357 1.65875 0.11509
0.4397 1.68499 0.1172
0.4437 1.71303 0.11959
0.4477 1.74022 0.12198
0.4517 1.76874 0.12421
0.4557 1.79866 0.12675
0.4597 1.82952 0.12975
0.4637 1.85986 0.13245
0.4677 1.89094 0.13486
0.4717 1.92151 0.13703
0.4757 1.95227 0.13908
0.4797 1.98405 0.14139
0.4837 2.01635 0.14382
0.4877 2.0478 0.14648
0.4917 2.07913 0.14835
0.4957 2.11296 0.15103
0.4997 2.14827 0.15325
0.5037 2.18342 0.15525
0.5077 2.21779 0.15768
0.5117 2.25344 0.16049
0.5157 2.29112 0.16413
0.5197 2.32861 0.16747
0.5237 2.36432 0.17001
0.5277 2.40124 0.1724
0.5317 2.44067 0.17493
0.5357 2.48032 0.17784
0.5397 2.52165 0.18142
0.5437 2.56597 0.18544
0.5477 2.60983 0.18924
0.5517 2.65481 0.19315
0.5557 2.70269 0.1981
0.5597 2.7505 0.20347
0.5637 2.79729 0.20883
0.5677 2.84425 0.21356
0.5717 2.89229 0.21842
0.5757 2.93855 0.22278
0.5797 2.98345 0.22679
0.5837 3.02922 0.23125
0.5877 3.07783 0.23572
0.5917 3.12942 0.23978
0.5957 3.18066 0.244
0.5997 3.23006 0.24843
0.6037 3.2784 0.25235
0.6077 3.32691 0.25635
0.6117 3.37507 0.26037
0.6157 3.41893 0.26294
0.6197 3.46334 0.26545
0.6237 3.51166 0.26814
0.6277 3.5611 0.27133
0.6317 3.61349 0.27475
0.6357 3.66782 0.27814
0.6397 3.72314 0.28139
0.6437 3.7783 0.2848
0.6477 3.83436 0.28903
0.6517 3.89312 0.29321
0.6557 3.95344 0.29744
0.6597 4.01421 0.30182
0.6637 4.07981 0.3068
0.6677 4.14629 0.31063
0.6717 4.21456 0.31436
0.6757 4.28292 0.31829
0.6797 4.3505 0.32285
0.6837 4.41926 0.32777
0.6877 4.48321 0.33184
0.6917 4.53995 0.33342
0.6957 4.60042 0.33528
0.6997 4.65976 0.33717
0.7037 4.71954 0.33936
0.7077 4.78022 0.34174
0.7117 4.84121 0.34403
0.7157 4.90548 0.34596
0.7197 4.9696 0.34779
0.7237 5.03477 0.34907
0.7277 5.09832 0.35001
0.7317 5.16462 0.35063
0.7357 5.22767 0.35146
0.7397 5.29082 0.35181
0.7437 5.35477 0.35224
0.7477 5.4186 0.35244
0.7517 5.47303 0.35255
0.7557 5.53064 0.35223
0.7597 5.59688 0.35227
0.7637 5.65802 0.35234
0.7677 5.72203 0.35265
0.7717 5.78779 0.35327
0.7757 5.84929 0.35344
0.7797 5.9058 0.35365
0.7837 5.95916 0.35331
0.7877 6.01364 0.35328
0.7917 6.06719 0.3531
0.7957 6.11972 0.35255
0.7997 6.16911 0.35145
0.8037 6.2221 0.34998
0.8077 6.27889 0.34891
0.8117 6.33747 0.34717
0.8157 6.40022 0.34573
0.8197 6.4637 0.34457
0.8237 6.5275 0.34365
0.8277 6.59227 0.34312
0.8317 6.65565 0.34295
0.8357 6.72149 0.34277
0.8397 6.78992 0.34255
0.84371 6.85999 0.34208
0.84771 6.92961 0.34134
0.85171 6.99603 0.34063
0.85571 7.05928 0.33998
0.85971 7.12243 0.33922
0.8637 7.1897 0.33845
0.8677 7.2537 0.33764
0.8717 7.3155 0.33655
0.8757 7.38217 0.3348
0.8797 7.44831 0.33362
0.8837 7.51253 0.33237
0.8877 7.57789 0.33044
0.8917 7.64086 0.32873
0.8957 7.7029 0.32731
0.8997 7.76561 0.32571
0.9037 7.82792 0.32387
0.9077 7.89048 0.3223
0.9117 7.94966 0.32087
0.9157 8.00938 0.31969
0.9197 8.05951 0.31823
0.92371 8.10687 0.31604
0.92771 8.15033 0.31333
0.93171 8.19429 0.31005
0.93571 8.23571 0.30685
0.93971 8.27747 0.30332
0.94371 8.31479 0.29922
0.94771 8.35342 0.29559
0.95171 8.39359 0.29193
0.95571 8.4318 0.28858
0.95971 8.47006 0.28548
0.96371 8.50802 0.2826
0.96771 8.54649 0.27956
0.97171 8.58113 0.27679
0.97571 8.61394 0.27375
0.97971 8.64672 0.27068
0.98371 8.67762 0.26743
0.98771 8.70929 0.26409
0.99171 8.74245 0.26067
0.99571 8.77718 0.25661
0.99971 8.81276 0.25266
1.00371 8.85028 0.24897
1.00771 8.88993 0.24503
1.01171 8.92738 0.24125
1.01571 8.96319 0.23761
1.01971 8.99814 0.23442
1.02371 9.03347 0.23128
1.02771 9.06203 0.22869
1.03171 9.0868 0.22638
1.03571 9.10587 0.2238
1.03971 9.12817 0.22059
1.04371 9.15295 0.21692
1.04771 9.17921 0.21348
1.05171 9.20545 0.2099
1.05571 9.23158 0.20649
1.05971 9.25436 0.20343
1.06371 9.2782 0.20014
1.06771 9.30037 0.19677
1.07171 9.32334 0.1936
1.07571 9.34802 0.19052
1.07971 9.36984 0.18767
1.08371 9.39192 0.18508
1.08771 9.41701 0.182
1.09171 9.44164 0.17914
1.09571 9.46552 0.17593
1.09971 9.48777 0.17263
1.10371 9.51041 0.1692
1.10771 9.5324 0.1657
1.11171 9.55385 0.16225
1.11571 9.57281 0.15912
1.11971 9.58999 0.15587
1.12371 9.60817 0.15255
1.12771 9.62406 0.14959
1.13171 9.6406 0.14655
1.13571 9.65468 0.14405
1.13971 9.66556 0.14182
1.14371 9.6752 0.13965
1.14771 9.686 0.13742
1.15171 9.69449 0.1354
1.15571 9.70525 0.13291
1.15971 9.71911 0.12953
1.16371 9.73303 0.12624
1.16771 9.74646 0.12301
1.17171 9.76009 0.11986
1.17571 9.77107 0.11721
1.17971 9.78455 0.11419
1.18371 9.79821 0.11091
1.18771 9.80857 0.10844
1.19171 9.81954 0.10621
1.19571 9.82961 0.10444
1.19971 9.83961 0.10265
1.20371 9.85121 0.10114
1.20771 9.86181 0.09982
1.21171 9.87078 0.09895
1.21571 9.87841 0.09803
1.21971 9.88492 0.09727
1.22371 9.88932 0.09652
1.22771 9.89052 0.09595
1.23171 9.89342 0.09523
1.23571 9.89701 0.09457
1.23971 9.89934 0.09391
1.24371 9.90221 0.0933
1.24771 9.90487 0.09275
1.25171 9.90612 0.09266
1.25571 9.90618 0.0926
1.25971 9.90642 0.09236
1.26371 9.90661 0.09217
1.26771 9.90668 0.0921
1.27171 9.90669 0.09209
1.27571 9.90692 0.09186
1.27971 9.90706 0.09172
1.28371 9.90723 0.09155
1.28771 9.90746 0.09132
1.29171 9.90761 0.09117
1.29571 9.90782 0.09096
1.29971 9.90818 0.0906
1.30371 9.90876 0.09002
1.30771 9.90929 0.08949
1.31171 9.91003 0.08875
1.31571 9.91091 0.08787
1.31971 9.91181 0.08697
1.32371 9.91255 0.08623
1.32771 9.91363 0.08515
1.33171 9.91471 0.08407
1.33571 9.91559 0.08319
1.33971 9.91739 0.08139
1.34371 9.91973 0.07905
1.34771 9.92109 0.07769
1.35171 9.92231 0.07647
1.35571 9.92436 0.07442
1.35971 9.9265 0.07228
1.36371 9.92721 0.07157
1.36771 9.92783 0.07095
1.37171 9.92845 0.07033
1.37571 9.92843 0.07035
1.37971 9.92855 0.07023
1.38371 9.92893 0.06985
1.38771 9.92901 0.06977
1.39171 9.92916 0.06962
1.39571 9.92931 0.06947
1.39971 9.92947 0.06931
1.40371 9.92998 0.0688
1.40771 9.93174 0.06704
1.41171 9.93251 0.06627
1.41571 9.9332 0.06558
1.41971 9.93416 0.06462
1.42371 9.93511 0.06367
1.42771 9.93613 0.06265
1.43171 9.93718 0.0616
1.43571 9.93813 0.06065
1.43971 9.93849 0.06029
1.44371 9.93938 0.0594
1.44771 9.94034 0.05844
1.45171 9.94136 0.05742
1.45571 9.94247 0.05631
1.45971 9.94378 0.055
1.46371 9.94518 0.0536
1.46771 9.94679 0.05199
1.47171 9.9493 0.04948
1.47571 9.95212 0.04666
1.47971 9.9533 0.04548
1.48371 9.95474 0.04404
1.48771 9.95598 0.0428
1.49171 9.95652 0.04226
1.49571 9.95965 0.03913
1.49971 9.9616 0.03718
1.50371 9.96458 0.0342
1.50771 9.96714 0.03164
1.51171 9.96902 0.02976
1.51571 9.96986 0.02892
1.51971 9.97061 0.02817
1.52371 9.97133 0.02745
1.52771 9.97241 0.02637
1.53171 9.97301 0.02577
1.53571 9.97317 0.02561
1.53971 9.97358 0.0252
1.54371 9.97467 0.02411
1.54771 9.97547 0.02331
1.55171 9.97574 0.02304
1.55571 9.97627 0.02251
1.55971 9.9769 0.02188
1.56371 9.97773 0.02105
1.56771 9.97874 0.02004
1.57171 9.97961 0.01917
1.57571 9.98047 0.01831
1.57971 9.98272 0.01606
1.58371 9.98473 0.01405
1.58771 9.98678 0.012
1.59171 9.98753 0.01125
1.59571 9.98905 0.00973
1.59971 9.99006 0.00872
1.60371 9.99091 0.00787
1.60771 9.99248 0.0063
1.61171 9.99413 0.00465
1.61571 9.99573 0.00305
1.61971 9.99729 0.00149
1.62371 9.99867 0.0001098
1.62771 9.99878 0
1.63171 9.99878 0
1.63571 9.99878 0
1.63971 9.99878 0
1.64371 9.99878 0
1.64771 9.99878 0
1.65171 9.99878 0
1.65571 9.99878 0
1.65971 9.99878 0
1.66371 9.99878 0
1.66771 9.99878 0
1.67171 9.99878 0
1.67571 9.99878 0
1.67971 9.99878 0
1.68371 9.99878 0
1.68771 9.99878 0
1.69171 9.99878 0
1.69571 9.99878 0
1.69971 9.99878 0
1.70371 9.99878 0
1.70771 9.99878 0
1.71171 9.99878 0
1.71571 9.99878 0
1.71971 9.99878 0
1.72371 9.99878 0
1.72771 9.99878 0
1.73171 9.99878 0
1.73571 9.99878 0
1.73971 9.99878 0
1.74372 9.99878 0
1.74772 9.99878 0
1.75172 9.99878 0
1.75572 9.99878 0
1.75972 9.99878 0
1.76372 9.99878 0
1.76772 9.99878 0
1.77172 9.99878 0
1.77572 9.99878 0
1.77972 9.99878 0
1.78372 9.99878 0
1.78772 9.99878 0
1.79172 9.99878 0
1.79572 9.99878 0
1.79972 9.99878 0
1.80372 9.99878 0
1.80772 9.99878 0
1.81172 9.99878 0
1.81572 9.99878 0
1.81972 9.99878 0
1.82372 9.99878 0
1.82772 9.99878 0
1.83172 9.99878 0
1.83572 9.99878 0
1.83972 9.99878 0
1.84372 9.99878 0
1.84772 9.99878 0
1.85172 9.99878 0
1.85572 9.99878 0
1.85972 9.99878 0
1.86372 9.99878 0
1.86772 9.99878 0
1.87172 9.99878 0
1.87572 9.99878 0
1.87972 9.99878 0
1.88372 9.99878 0
1.88772 9.99878 0
1.89172 9.99878 0
1.89572 9.99878 0
1.89972 9.99878 0
1.90372 9.99878 0
1.90772 9.99878 0
1.91172 9.99878 0
1.91572 9.99878 0
1.91972 9.99878 0
1.92372 9.99878 0
1.92772 9.99878 0
1.93172 9.99878 0
1.93572 9.99878 0
1.93972 9.99878 0
1.94372 9.99878 0
1.94772 9.99878 0
1.95172 9.99878 0
1.95572 9.99878 0
1.95972 9.99878 0
1.96372 9.99878 0
1.96772 9.99878 0
1.97172 9.99878 0
1.97572 9.99878 0
1.97972 9.99878 0
1.98372 9.99878 0
1.98772 9.99878 0
1.99172 9.99878 0