-2.00018 -4.68838 0.00123
-1.99618 -4.68842 0.0012
-1.99218 -4.68817 0.00122
-1.98818 -4.68811 0.00125
-1.98418 -4.68778 0.00125
-1.98018 -4.68769 0.00124
-1.97618 -4.68763 0.00123
-1.97218 -4.68741 0.00122
-1.96818 -4.68715 0.00121
-1.96418 -4.6872 0.00123
-1.96018 -4.68691 0.00124
-1.95618 -4.68689 0.00119
-1.95218 -4.68686 0.00121
-1.94818 -4.68662 0.00121
-1.94418 -4.68629 0.00122
-1.94018 -4.68635 0.00121
-1.93618 -4.68623 0.00121
-1.93218 -4.68585 0.00121
-1.92818 -4.68591 0.00119
-1.92418 -4.6858 0.00121
-1.92018 -4.68575 0.00124
-1.91618 -4.68534 0.00122
-1.91218 -4.68529 0.0012
-1.90818 -4.68487 0.0012
-1.90418 -4.68497 0.00121
-1.90018 -4.68489 0.00121
-1.89618 -4.68477 0.00122
-1.89218 -4.68477 0.00122
-1.88818 -4.68439 0.0012
-1.88418 -4.68433 0.0012
-1.88018 -4.68428 0.00121
-1.87618 -4.68415 0.0012
-1.87218 -4.68393 0.0012
-1.86818 -4.68374 0.00121
-1.86418 -4.68361 0.00119
-1.86018 -4.68351 0.00122
-1.85618 -4.68342 0.0012
-1.85218 -4.68325 0.00122
-1.84818 -4.68314 0.00119
-1.84418 -4.68308 0.0012
-1.84018 -4.68275 0.00121
-1.83618 -4.68278 0.00121
-1.83218 -4.68253 0.0012
-1.82818 -4.68248 0.00118
-1.82418 -4.68231 0.00121
-1.82018 -4.6821 0.0012
-1.81618 -4.68202 0.0012
-1.81218 -4.68201 0.00119
-1.80818 -4.68176 0.00119
-1.80418 -4.68173 0.00121
-1.80018 -4.6816 0.00121
-1.79618 -4.68115 0.00122
-1.79218 -4.68113 0.00118
-1.78818 -4.68103 0.00118
-1.78418 -4.68103 0.00119
-1.78018 -4.68062 0.00122
-1.77618 -4.68077 0.00121
-1.77218 -4.68057 0.00121
-1.76818 -4.68028 0.00121
-1.76418 -4.6802 0.00124
-1.76018 -4.68007 0.00122
-1.75618 -4.67981 0.00124
-1.75218 -4.67987 0.00126
-1.74818 -4.6796 0.00127
-1.74418 -4.67958 0.00125
-1.74018 -4.67948 0.00128
-1.73618 -4.67885 0.00132
-1.73218 -4.679 0.00128
-1.72818 -4.67892 0.00127
-1.72418 -4.67881 0.00132
-1.72018 -4.67854 0.00131
-1.71618 -4.67837 0.00136
-1.71218 -4.67813 0.00137
-1.70818 -4.67802 0.00141
-1.70418 -4.67796 0.00132
-1.70018 -4.6779 0.00133
-1.69618 -4.67737 0.00136
-1.69218 -4.67744 0.00141
-1.68818 -4.67719 0.00149
-1.68418 -4.67653 0.00174
-1.68018 -4.67619 0.00202
-1.67618 -4.67588 0.00213
-1.67218 -4.67547 0.0024
-1.66818 -4.67508 0.00261
-1.66418 -4.67462 0.00286
-1.66018 -4.67412 0.00312
-1.65618 -4.67369 0.0034
-1.65218 -4.67321 0.00375
-1.64818 -4.67261 0.00422
-1.64418 -4.67213 0.00457
-1.64018 -4.67173 0.005
-1.63618 -4.67122 0.00527
-1.63218 -4.67064 0.00568
-1.62818 -4.66991 0.00619
-1.62418 -4.66943 0.00644
-1.62018 -4.66904 0.00664
-1.61618 -4.66865 0.00683
-1.61218 -4.66858 0.00703
-1.60818 -4.66781 0.00722
-1.60418 -4.66769 0.00738
-1.60018 -4.6672 0.0076
-1.59618 -4.66674 0.00786
-1.59218 -4.66614 0.00806
-1.58818 -4.66537 0.00829
-1.58418 -4.66475 0.00863
-1.58018 -4.66406 0.00891
-1.57618 -4.66349 0.00907
-1.57218 -4.66313 0.00911
-1.56818 -4.66236 0.00929
-1.56418 -4.66182 0.00948
-1.56018 -4.66092 0.00972
-1.55618 -4.6601 0.01008
-1.55218 -4.65941 0.01045
-1.54818 -4.65753 0.01101
-1.54418 -4.65597 0.01151
-1.54018 -4.65499 0.01202
-1.53618 -4.65351 0.01256
-1.53218 -4.65206 0.01307
-1.52818 -4.65041 0.01363
-1.52418 -4.649 0.01424
-1.52018 -4.64766 0.01488
-1.51618 -4.64614 0.01548
-1.51218 -4.64431 0.01612
-1.50818 -4.64274 0.01677
-1.50418 -4.64129 0.01742
-1.50018 -4.63979 0.01799
-1.49618 -4.63855 0.01857
-1.49218 -4.63681 0.01905
-1.48818 -4.63523 0.01958
-1.48418 -4.63406 0.01999
-1.48018 -4.63262 0.02048
-1.47618 -4.63265 0.02076
-1.47218 -4.63329 0.02113
-1.46818 -4.63311 0.02171
-1.46418 -4.63128 0.02227
-1.46018 -4.62948 0.02288
-1.45618 -4.62725 0.02353
-1.45218 -4.62482 0.02423
-1.44818 -4.62245 0.02486
-1.44418 -4.61988 0.02552
-1.44018 -4.61706 0.02605
-1.43618 -4.61456 0.0266
-1.43218 -4.61194 0.02717
-1.42818 -4.60896 0.02779
-1.42418 -4.60598 0.02849
-1.42018 -4.60325 0.02918
-1.41618 -4.6007 0.02989
-1.41218 -4.59749 0.03062
-1.40818 -4.59488 0.03132
-1.40418 -4.59192 0.03206
-1.40018 -4.58882 0.03277
-1.39618 -4.58544 0.03354
-1.39218 -4.58149 0.03429
-1.38818 -4.57727 0.03503
-1.38418 -4.57326 0.0358
-1.38018 -4.56881 0.0366
-1.37618 -4.56455 0.03747
-1.37218 -4.56056 0.03828
-1.36818 -4.55603 0.03913
-1.36418 -4.5516 0.04001
-1.36018 -4.54638 0.04097
-1.35618 -4.54183 0.04185
-1.35218 -4.53732 0.04271
-1.34818 -4.5326 0.0436
-1.34418 -4.52744 0.0445
-1.34018 -4.52247 0.0454
-1.33618 -4.51681 0.04633
-1.33218 -4.51097 0.04728
-1.32818 -4.50525 0.04823
-1.32418 -4.49967 0.04925
-1.32018 -4.49462 0.0501
-1.31618 -4.48876 0.05105
-1.31218 -4.48281 0.05199
-1.30818 -4.47705 0.05295
-1.30418 -4.47241 0.05391
-1.30018 -4.46749 0.05483
-1.29617 -4.46223 0.05569
-1.29217 -4.45676 0.05658
-1.28817 -4.45037 0.05753
-1.28417 -4.44437 0.05836
-1.28017 -4.43769 0.05928
-1.27617 -4.43037 0.06019
-1.27217 -4.42349 0.06118
-1.26817 -4.41679 0.06219
-1.26417 -4.40835 0.06319
-1.26017 -4.40053 0.06417
-1.25617 -4.39229 0.06527
-1.25217 -4.38336 0.06637
-1.24817 -4.37402 0.06751
-1.24417 -4.36473 0.06862
-1.24017 -4.35501 0.06968
-1.23617 -4.34526 0.07065
-1.23217 -4.33462 0.07151
-1.22817 -4.32473 0.07233
-1.22417 -4.31401 0.07303
-1.22017 -4.30327 0.07388
-1.21617 -4.29309 0.0746
-1.21217 -4.28303 0.07531
-1.20817 -4.27404 0.07614
-1.20417 -4.26494 0.0768
-1.20017 -4.25504 0.07741
-1.19617 -4.24479 0.07827
-1.19217 -4.23459 0.07915
-1.18817 -4.22438 0.07992
-1.18417 -4.21421 0.08062
-1.18017 -4.20396 0.08139
-1.17617 -4.19344 0.08224
-1.17217 -4.18155 0.08318
-1.16817 -4.16922 0.08411
-1.16417 -4.15654 0.08501
-1.16017 -4.1426 0.08588
-1.15617 -4.12737 0.0868
-1.15217 -4.1124 0.08767
-1.14817 -4.09711 0.08847
-1.14417 -4.08122 0.08934
-1.14017 -4.06647 0.09028
-1.13617 -4.05223 0.09115
-1.13217 -4.03815 0.09193
-1.12817 -4.0246 0.09274
-1.12417 -4.01047 0.09349
-1.12017 -3.99528 0.09422
-1.11617 -3.98082 0.09493
-1.11217 -3.96556 0.09571
-1.10817 -3.95076 0.09645
-1.10417 -3.93586 0.09715
-1.10017 -3.92141 0.09782
-1.09617 -3.90592 0.0984
-1.09217 -3.88985 0.09899
-1.08817 -3.87332 0.09961
-1.08417 -3.85669 0.10018
-1.08017 -3.84061 0.10086
-1.07617 -3.82357 0.10157
-1.07217 -3.80651 0.1022
-1.06817 -3.78862 0.10286
-1.06417 -3.77002 0.10344
-1.06017 -3.75021 0.10398
-1.05617 -3.731 0.10449
-1.05217 -3.71197 0.1051
-1.04817 -3.69238 0.10555
-1.04417 -3.67147 0.10594
-1.04017 -3.65183 0.10631
-1.03617 -3.6313 0.10673
-1.03217 -3.61185 0.10713
-1.02817 -3.59141 0.10742
-1.02417 -3.57234 0.10774
-1.02017 -3.55275 0.10806
-1.01617 -3.53465 0.10844
-1.01217 -3.51586 0.10877
-1.00817 -3.49575 0.10904
-1.00417 -3.47533 0.10938
-1.00017 -3.45487 0.10969
-0.99617 -3.43485 0.1099
-0.99217 -3.41445 0.11008
-0.98817 -3.39483 0.11014
-0.98417 -3.37524 0.11023
-0.98017 -3.35568 0.11027
-0.97617 -3.33494 0.11033
-0.97217 -3.31318 0.11039
-0.96817 -3.29121 0.11055
-0.96417 -3.26891 0.11066
-0.96017 -3.24712 0.11093
-0.95617 -3.22577 0.11132
-0.95217 -3.20436 0.1117
-0.94817 -3.18266 0.11205
-0.94417 -3.16031 0.11223
-0.94017 -3.13803 0.1123
-0.93617 -3.1159 0.11239
-0.93217 -3.09395 0.1125
-0.92817 -3.07165 0.11241
-0.92417 -3.04839 0.11222
-0.92017 -3.02809 0.11204
-0.91617 -3.00733 0.11191
-0.91217 -2.98721 0.11164
-0.90817 -2.96832 0.11163
-0.90417 -2.94731 0.11163
-0.90017 -2.92603 0.11164
-0.89617 -2.90469 0.11159
-0.89217 -2.88264 0.11148
-0.88817 -2.86206 0.11145
-0.88417 -2.84184 0.11148
-0.88017 -2.82079 0.11146
-0.87617 -2.80047 0.11132
-0.87217 -2.7794 0.11104
-0.86817 -2.75803 0.11075
-0.86417 -2.73618 0.1104
-0.86017 -2.71429 0.11011
-0.85617 -2.6924 0.10985
-0.85217 -2.67015 0.10957
-0.84817 -2.64847 0.10909
-0.84417 -2.62635 0.10869
-0.84017 -2.60522 0.10838
-0.83617 -2.58348 0.10787
-0.83217 -2.56228 0.10741
-0.82817 -2.5405 0.1067
-0.82417 -2.52022 0.10614
-0.82017 -2.49975 0.10561
-0.81617 -2.47976 0.10498
-0.81217 -2.45956 0.10435
-0.80817 -2.43958 0.10372
-0.80417 -2.41883 0.10309
-0.80017 -2.39846 0.10237
-0.79617 -2.37793 0.10169
-0.79217 -2.35777 0.10119
-0.78817 -2.33885 0.10084
-0.78417 -2.31956 0.10039
-0.78017 -2.29933 0.09964
-0.77617 -2.27898 0.09894
-0.77217 -2.25908 0.0982
-0.76817 -2.23998 0.0976
-0.76417 -2.21986 0.09693
-0.76017 -2.1985 0.09604
-0.75617 -2.17634 0.09504
-0.75217 -2.15531 0.0942
-0.74817 -2.13418 0.09334
-0.74417 -2.11395 0.09267
-0.74017 -2.0941 0.092
-0.73617 -2.07414 0.09134
-0.73217 -2.05442 0.09062
-0.72817 -2.03435 0.08985
-0.72417 -2.01445 0.08894
-0.72017 -1.99526 0.08806
-0.71617 -1.9767 0.08727
-0.71217 -1.95756 0.08634
-0.70817 -1.93866 0.08541
-0.70417 -1.92026 0.08449
-0.70017 -1.9014 0.08366
-0.69617 -1.88294 0.08281
-0.69217 -1.86453 0.08205
-0.68817 -1.8462 0.08123
-0.68417 -1.82837 0.08039
-0.68017 -1.81063 0.07966
-0.67617 -1.79308 0.07892
-0.67217 -1.77578 0.07819
-0.66817 -1.75882 0.07752
-0.66417 -1.74051 0.07664
-0.66017 -1.72163 0.07557
-0.65617 -1.70347 0.07468
-0.65217 -1.68523 0.07382
-0.64817 -1.66745 0.07309
-0.64417 -1.64961 0.07222
-0.64017 -1.63184 0.07132
-0.63617 -1.61433 0.07043
-0.63217 -1.5962 0.0695
-0.62817 -1.57846 0.06866
-0.62417 -1.56121 0.06782
-0.62017 -1.5437 0.067
-0.61617 -1.52671 0.06611
-0.61217 -1.5109 0.06531
-0.60817 -1.49424 0.06462
-0.60417 -1.47917 0.06396
-0.60017 -1.46437 0.06344
-0.59617 -1.44926 0.06292
-0.59217 -1.43381 0.06234
-0.58817 -1.41865 0.06179
-0.58417 -1.40319 0.06118
-0.58017 -1.38718 0.06052
-0.57617 -1.37091 0.05989
-0.57217 -1.35541 0.05932
-0.56817 -1.3391 0.05867
-0.56417 -1.32325 0.05787
-0.56017 -1.30699 0.05707
-0.55617 -1.29104 0.05636
-0.55217 -1.27502 0.05562
-0.54817 -1.25986 0.05495
-0.54417 -1.24452 0.0542
-0.54017 -1.22972 0.05354
-0.53617 -1.21526 0.05283
-0.53217 -1.20078 0.05214
-0.52817 -1.18746 0.05166
-0.52417 -1.17416 0.0512
-0.52017 -1.16036 0.05048
-0.51617 -1.14674 0.04981
-0.51217 -1.13342 0.04912
-0.50817 -1.12109 0.04857
-0.50417 -1.10834 0.04796
-0.50017 -1.09583 0.04733
-0.49617 -1.08375 0.04686
-0.49217 -1.07155 0.04639
-0.48817 -1.05908 0.04592
-0.48417 -1.04668 0.0454
-0.48017 -1.03399 0.04496
-0.47617 -1.0214 0.04448
-0.47217 -1.00846 0.04388
-0.46817 -0.99537 0.04325
-0.46416 -0.98199 0.04268
-0.46016 -0.96948 0.04215
-0.45616 -0.95634 0.04163
-0.45216 -0.94343 0.04117
-0.44816 -0.9311 0.04072
-0.44416 -0.91896 0.04026
-0.44016 -0.90739 0.03986
-0.43617 -0.8955 0.03942
-0.43217 -0.88376 0.03896
-0.42817 -0.87236 0.03849
-0.42417 -0.86111 0.03797
-0.42017 -0.84967 0.03746
-0.41617 -0.83841 0.03698
-0.41217 -0.82752 0.03647
-0.40817 -0.81619 0.03596
-0.40417 -0.80572 0.03542
-0.40016 -0.79515 0.03493
-0.39616 -0.78446 0.03444
-0.39216 -0.77388 0.03397
-0.38816 -0.76315 0.03357
-0.38416 -0.75278 0.03315
-0.38016 -0.74216 0.03276
-0.37616 -0.73184 0.03241
-0.37216 -0.72124 0.03206
-0.36816 -0.71048 0.03167
-0.36416 -0.70006 0.03131
-0.36016 -0.68948 0.031
-0.35616 -0.67884 0.03064
-0.35216 -0.66822 0.03024
-0.34816 -0.65787 0.02982
-0.34416 -0.64762 0.02943
-0.34016 -0.63717 0.02905
-0.33616 -0.62739 0.02869
-0.33216 -0.61789 0.02828
-0.32816 -0.60867 0.02794
-0.32416 -0.59922 0.02756
-0.32016 -0.59012 0.02722
-0.31616 -0.58107 0.02685
-0.31216 -0.57159 0.02647
-0.30816 -0.5626 0.02608
-0.30416 -0.55364 0.02572
-0.30016 -0.54457 0.02534
-0.29616 -0.53563 0.02497
-0.29216 -0.52635 0.02462
-0.28816 -0.51728 0.02429
-0.28416 -0.50817 0.02398
-0.28016 -0.49924 0.02367
-0.27616 -0.48996 0.02335
-0.27216 -0.48069 0.02302
-0.26816 -0.47146 0.02272
-0.26416 -0.46214 0.02241
-0.26016 -0.45298 0.0221
-0.25616 -0.4439 0.02184
-0.25216 -0.43488 0.02151
-0.24816 -0.42608 0.02122
-0.24416 -0.41728 0.02091
-0.24016 -0.40869 0.0206
-0.23616 -0.40017 0.02027
-0.23216 -0.39201 0.01991
-0.22816 -0.38368 0.0196
-0.22416 -0.37569 0.01925
-0.22016 -0.3674 0.01893
-0.21616 -0.35952 0.01858
-0.21216 -0.35151 0.01825
-0.20816 -0.34378 0.01792
-0.20416 -0.33593 0.01759
-0.20016 -0.32854 0.01728
-0.19616 -0.32071 0.01697
-0.19216 -0.31317 0.01669
-0.18816 -0.30552 0.01643
-0.18416 -0.29776 0.01617
-0.18016 -0.28989 0.01592
-0.17616 -0.2824 0.0157
-0.17216 -0.27446 0.01544
-0.16816 -0.26651 0.01514
-0.16416 -0.25803 0.01488
-0.16016 -0.24996 0.01464
-0.15616 -0.2416 0.01436
-0.15216 -0.23337 0.01406
-0.14816 -0.22563 0.0138
-0.14416 -0.21746 0.0135
-0.14016 -0.20955 0.0132
-0.13616 -0.20177 0.01288
-0.13216 -0.19382 0.01256
-0.12816 -0.1866 0.01221
-0.12416 -0.17886 0.01191
-0.12016 -0.17191 0.01157
-0.11616 -0.16453 0.01124
-0.11216 -0.1571 0.01089
-0.10816 -0.15008 0.01056
-0.10416 -0.14287 0.0103
-0.10016 -0.13556 0.01002
-0.09616 -0.12849 0.00972
-0.09216 -0.12168 0.00945
-0.08816 -0.11457 0.00919
-0.08416 -0.10745 0.00894
-0.08016 -0.10024 0.0087
-0.07616 -0.09306 0.00848
-0.07216 -0.08559 0.00826
-0.06816 -0.07825 0.00806
-0.06416 -0.07051 0.00783
-0.06016 -0.06312 0.00761
-0.05616 -0.05544 0.00737
-0.05216 -0.04793 0.00713
-0.04816 -0.04063 0.00685
-0.04416 -0.03302 0.00659
-0.04016 -0.02567 0.00631
-0.03616 -0.01846 0.00604
-0.03216 -0.01142 0.00572
-0.02816 -0.00436 0.00542
-0.02416 0.00294 0.00513
-0.02016 0.00978 0.00481
-0.01616 0.01689 0.00452
-0.01216 0.0237 0.00418
-0.00816 0.03045 0.00392
-0.00416 0.0373 0.00362
-0.000305371 0.04415 0.00337
0.00369 0.05123 0.00311
0.00769 0.05836 0.00286
0.01169 0.0653 0.00263
0.01569 0.07268 0.0024
0.01969 0.07992 0.00218
0.02369 0.08772 0.00197
0.0277 0.09516 0.00177
0.0317 0.10284 0.00156
0.03569 0.11054 0.00139
0.0397 0.11836 0.00118
0.0437 0.12592 0.00103
0.0477 0.13374 0.00089803
0.0517 0.14174 0.000815542
0.0557 0.14966 0.000824446
0.0597 0.15711 0.000941019
0.0637 0.16516 0.00117
0.0677 0.1726 0.00138
0.0717 0.18004 0.00164
0.0757 0.1876 0.00191
0.0797 0.19528 0.00225
0.0837 0.20285 0.00251
0.0877 0.21021 0.00281
0.0917 0.21807 0.00307
0.0957 0.22536 0.00334
0.0997 0.23276 0.00358
0.1037 0.24055 0.00382
0.1077 0.24814 0.00403
0.1117 0.25609 0.00429
0.1157 0.26401 0.00451
0.1197 0.27237 0.00476
0.1237 0.28069 0.00505
0.1277 0.28889 0.00526
0.1317 0.29738 0.00551
0.1357 0.3064 0.00573
0.1397 0.31514 0.00601
0.1437 0.32395 0.00629
0.1477 0.33256 0.00659
0.1517 0.34162 0.00695
0.1557 0.3504 0.00729
0.1597 0.35942 0.00767
0.1637 0.36814 0.00803
0.1677 0.37682 0.00841
0.1717 0.38551 0.00875
0.1757 0.39419 0.0091
0.1797 0.40266 0.00935
0.1837 0.41109 0.00968
0.1877 0.41949 0.00995
0.1917 0.4276 0.01021
0.1957 0.43605 0.01045
0.1997 0.44497 0.01073
0.2037 0.45386 0.01099
0.2077 0.46297 0.01123
0.2117 0.47162 0.0115
0.2157 0.48111 0.01174
0.2197 0.49035 0.01201
0.2237 0.49988 0.01229
0.2277 0.50916 0.01252
0.2317 0.51853 0.0128
0.2357 0.5284 0.01306
0.2397 0.53811 0.01331
0.2437 0.54797 0.01359
0.2477 0.55826 0.01392
0.2517 0.56804 0.01424
0.2557 0.57819 0.01457
0.2597 0.58815 0.01492
0.2637 0.5984 0.01527
0.2677 0.60825 0.01567
0.2717 0.61847 0.01608
0.2757 0.62835 0.0165
0.2797 0.63858 0.0169
0.2837 0.6491 0.01733
0.2877 0.65954 0.01772
0.2917 0.67012 0.01805
0.2957 0.68071 0.01843
0.2997 0.69149 0.01879
0.3037 0.7026 0.01912
0.3077 0.714 0.01944
0.3117 0.72509 0.01972
0.3157 0.73616 0.01999
0.3197 0.74739 0.02018
0.3237 0.75893 0.02044
0.3277 0.77085 0.02071
0.3317 0.78263 0.02096
0.3357 0.7948 0.02123
0.3397 0.80703 0.02157
0.3437 0.81963 0.02196
0.3477 0.83209 0.02237
0.3517 0.84485 0.02281
0.3557 0.85668 0.02314
0.3597 0.86853 0.0235
0.3637 0.88103 0.02392
0.3677 0.89365 0.02435
0.3717 0.90634 0.02472
0.3757 0.91879 0.02522
0.3797 0.93164 0.02576
0.3837 0.94445 0.02625
0.3877 0.95762 0.02675
0.3917 0.97078 0.02723
0.3957 0.98412 0.02766
0.3997 0.99781 0.02814
0.4037 1.01152 0.02861
0.4077 1.02453 0.02907
0.4117 1.03758 0.02937
0.4157 1.05072 0.02965
0.4197 1.06434 0.03007
0.4237 1.0778 0.03046
0.4277 1.09166 0.03084
0.4317 1.10577 0.03119
0.4357 1.11907 0.03159
0.4397 1.13319 0.03203
0.4437 1.14781 0.03246
0.4477 1.16242 0.033
0.4517 1.17742 0.03358
0.4557 1.19224 0.03409
0.4597 1.20744 0.03458
0.4637 1.22254 0.0351
0.4677 1.23811 0.03567
0.4717 1.25346 0.03625
0.4757 1.26855 0.03683
0.4797 1.28378 0.03745
0.4837 1.29872 0.03799
0.4877 1.31334 0.03849
0.4917 1.32857 0.03902
0.4957 1.34363 0.03955
0.4997 1.35913 0.04008
0.5037 1.37446 0.0405
0.5077 1.3903 0.04092
0.5117 1.40623 0.0413
0.5157 1.42232 0.04176
0.5197 1.43857 0.04222
0.5237 1.45517 0.04263
0.5277 1.47207 0.04299
0.5317 1.48925 0.04334
0.5357 1.50643 0.04375
0.5397 1.52382 0.04416
0.5437 1.5415 0.04462
0.5477 1.55952 0.04507
0.5517 1.57695 0.04557
0.5557 1.5949 0.04605
0.5597 1.61348 0.04649
0.5637 1.63251 0.04698
0.5677 1.65166 0.04754
0.5717 1.67035 0.04805
0.5757 1.68883 0.04859
0.5797 1.70813 0.04918
0.5837 1.72697 0.04971
0.5877 1.74619 0.05023
0.5917 1.76553 0.05085
0.5957 1.78459 0.05128
0.5997 1.80353 0.05176
0.6037 1.82348 0.05238
0.6077 1.84457 0.05302
0.6117 1.86613 0.05363
0.6157 1.88749 0.05429
0.6197 1.90898 0.05487
0.6237 1.93145 0.05551
0.6277 1.95429 0.05619
0.6317 1.97672 0.05682
0.6357 1.99894 0.05752
0.6397 2.02226 0.05826
0.6437 2.04566 0.05906
0.6477 2.06911 0.05973
0.6517 2.09289 0.06033
0.6557 2.11743 0.0611
0.6597 2.14156 0.06169
0.6637 2.16546 0.06225
0.6677 2.19015 0.06295
0.6717 2.21529 0.06362
0.6757 2.23947 0.06435
0.6797 2.26507 0.06514
0.6837 2.28916 0.06567
0.6877 2.31392 0.06615
0.6917 2.33897 0.06664
0.6957 2.36361 0.06717
0.6997 2.38971 0.06792
0.7037 2.41474 0.06856
0.7077 2.44115 0.0693
0.7117 2.46869 0.07013
0.7157 2.49564 0.07095
0.7197 2.52316 0.07181
0.7237 2.55078 0.07248
0.7277 2.57942 0.07329
0.7317 2.60855 0.07415
0.7357 2.63802 0.07501
0.7397 2.66676 0.07584
0.7437 2.6973 0.07705
0.7477 2.72716 0.07838
0.7517 2.75698 0.07955
0.7557 2.78692 0.08089
0.7597 2.81744 0.0824
0.7637 2.84932 0.08419
0.7677 2.88106 0.08603
0.7717 2.91158 0.0873
0.7757 2.94305 0.08878
0.7797 2.97472 0.09044
0.7837 3.00793 0.09282
0.7877 3.03993 0.09446
0.7917 3.07305 0.09652
0.7957 3.10933 0.09958
0.7997 3.14151 0.10072
0.8037 3.17481 0.1016
0.8077 3.2064 0.10176
0.8117 3.23811 0.10132
0.8157 3.27124 0.10184
0.8197 3.30831 0.10341
0.8237 3.34552 0.10483
0.8277 3.38399 0.10711
0.8317 3.42253 0.1094
0.8357 3.46162 0.11243
0.8397 3.4996 0.11527
0.84371 3.53726 0.11788
0.84771 3.57632 0.1204
0.85171 3.61707 0.12298
0.85571 3.65842 0.12557
0.85971 3.70162 0.12828
0.8637 3.74249 0.13047
0.8677 3.7833 0.13253
0.8717 3.82389 0.13432
0.8757 3.86264 0.13586
0.8797 3.89826 0.13714
0.8837 3.93547 0.13825
0.8877 3.97393 0.13935
0.8917 4.01371 0.13983
0.8957 4.0552 0.14045
0.8997 4.09553 0.14082
0.9037 4.13708 0.14125
0.9077 4.17924 0.14169
0.9117 4.22105 0.14224
0.9157 4.26329 0.14291
0.9197 4.30657 0.14344
0.92371 4.35141 0.14396
0.92771 4.39455 0.14456
0.93171 4.43682 0.14515
0.93571 4.47897 0.14549
0.93971 4.52235 0.14592
0.94371 4.56814 0.14647
0.94771 4.61134 0.14712
0.95171 4.65604 0.14788
0.95571 4.69821 0.14847
0.95971 4.74082 0.14905
0.96371 4.78419 0.14965
0.96771 4.82784 0.15023
0.97171 4.87168 0.15095
0.97571 4.91451 0.15163
0.97971 4.95767 0.15242
0.98371 5.00338 0.15315
0.98771 5.0498 0.15404
0.99171 5.09767 0.1549
0.99571 5.14486 0.1559
0.99971 5.19235 0.1567
1.00371 5.24003 0.15734
1.00771 5.28819 0.15799
1.01171 5.33722 0.15842
1.01571 5.38538 0.15898
1.01971 5.43594 0.15923
1.02371 5.48952 0.15936
1.02771 5.54367 0.15967
1.03171 5.59582 0.16032
1.03571 5.65003 0.16105
1.03971 5.70454 0.16186
1.04371 5.75927 0.16301
1.04771 5.81382 0.16422
1.05171 5.86812 0.16522
1.05571 5.92474 0.1666
1.05971 5.97953 0.16788
1.06371 6.03395 0.169
1.06771 6.08968 0.17021
1.07171 6.14486 0.17169
1.07571 6.20132 0.17314
1.07971 6.25693 0.17472
1.08371 6.30887 0.17615
1.08771 6.36331 0.17761
1.09171 6.41706 0.17939
1.09571 6.47076 0.18125
1.09971 6.52349 0.18235
1.10371 6.57477 0.18311
1.10771 6.63029 0.1845
1.11171 6.68202 0.18515
1.11571 6.73498 0.18598
1.11971 6.79059 0.18685
1.12371 6.84591 0.18758
1.12771 6.89898 0.18796
1.13171 6.94946 0.18828
1.13571 7.00274 0.18888
1.13971 7.05745 0.18971
1.14371 7.11301 0.19052
1.14771 7.16886 0.19116
1.15171 7.22661 0.19189
1.15571 7.28579 0.19262
1.15971 7.34526 0.19307
1.16371 7.4055 0.19384
1.16771 7.46703 0.19429
1.17171 7.52959 0.19452
1.17571 7.58947 0.19431
1.17971 7.65096 0.19438
1.18371 7.71287 0.19448
1.18771 7.77336 0.19437
1.19171 7.83311 0.19412
1.19571 7.88909 0.19377
1.19971 7.94478 0.19344
1.20371 7.99983 0.1926
1.20771 8.05442 0.1918
1.21171 8.11067 0.19083
1.21571 8.16791 0.18991
1.21971 8.22314 0.18867
1.22371 8.27661 0.18708
1.22771 8.32938 0.18538
1.23171 8.38175 0.18367
1.23571 8.43158 0.18143
1.23971 8.48115 0.17892
1.24371 8.53142 0.17644
1.24771 8.58163 0.17411
1.25171 8.63164 0.172
1.25571 8.6776 0.17007
1.25971 8.72199 0.16817
1.26371 8.76569 0.16634
1.26771 8.81041 0.16418
1.27171 8.85272 0.16194
1.27571 8.89681 0.15961
1.27971 8.93746 0.15706
1.28371 8.97519 0.15422
1.28771 9.0112 0.15136
1.29171 9.04797 0.14837
1.29571 9.08728 0.14527
1.29971 9.1237 0.14205
1.30371 9.15944 0.13908
1.30771 9.19154 0.13644
1.31171 9.223 0.13361
1.31571 9.25462 0.13073
1.31971 9.28592 0.12793
1.32371 9.31577 0.12486
1.32771 9.34571 0.12173
1.33171 9.37613 0.11878
1.33571 9.40614 0.11597
1.33971 9.43491 0.11345
1.34371 9.46321 0.11073
1.34771 9.48966 0.10784
1.35171 9.51485 0.1046
1.35571 9.5394 0.10158
1.35971 9.56494 0.09853
1.36371 9.58906 0.09577
1.36771 9.60836 0.09326
1.37171 9.62564 0.09051
1.37571 9.64311 0.08771
1.37971 9.65937 0.08485
1.38371 9.67701 0.08165
1.38771 9.69412 0.07879
1.39171 9.70983 0.07623
1.39571 9.72452 0.07396
1.39971 9.74003 0.07152
1.40371 9.75401 0.06936
1.40771 9.76888 0.06697
1.41171 9.78571 0.06444
1.41571 9.79912 0.06255
1.41971 9.8124 0.06049
1.42371 9.82454 0.0585
1.42771 9.83616 0.05649
1.43171 9.84719 0.05441
1.43571 9.85763 0.05236
1.43971 9.86839 0.05022
1.44371 9.87864 0.04821
1.44771 9.88824 0.04639
1.45171 9.89608 0.04439
1.45571 9.90362 0.04224
1.45971 9.91121 0.04034
1.46371 9.91759 0.03835
1.46771 9.92435 0.0362
1.47171 9.93027 0.03445
1.47571 9.93731 0.03278
1.47971 9.94454 0.03121
1.48371 9.9513 0.02992
1.48771 9.95749 0.02878
1.49171 9.96303 0.02767
1.49571 9.9683 0.02553
1.49971 9.97167 0.02434
1.50371 9.97542 0.02235
1.50771 9.97876 0.02002
1.51171 9.98101 0.01777
1.51571 9.9832 0.01558
1.51971 9.98529 0.01349
1.52371 9.98728 0.0115
1.52771 9.98911 0.00967
1.53171 9.99081 0.00797
1.53571 9.99237 0.00641
1.53971 9.99388 0.0049
1.54371 9.99526 0.00352
1.54771 9.99655 0.00223
1.55171 9.99776 0.00102
1.55571 9.99878 0
1.55971 9.99878 0
1.56371 9.99878 0
1.56771 9.99878 0
1.57171 9.99878 0
1.57571 9.99878 0
1.57971 9.99878 0
1.58371 9.99878 0
1.58771 9.99878 0
1.59171 9.99878 0
1.59571 9.99878 0
1.59971 9.99878 0
1.60371 9.99878 0
1.60771 9.99878 0
1.61171 9.99878 0
1.61571 9.99878 0
1.61971 9.99878 0
1.62371 9.99878 0
1.62771 9.99878 0
1.63171 9.99878 0
1.63571 9.99878 0
1.63971 9.99878 0
1.64371 9.99878 0
1.64771 9.99878 0
1.65171 9.99878 0
1.65571 9.99878 0
1.65971 9.99878 0
1.66371 9.99878 0
1.66771 9.99878 0
1.67171 9.99878 0
1.67571 9.99878 0
1.67971 9.99878 0
1.68371 9.99878 0
1.68771 9.99878 0
1.69171 9.99878 0
1.69571 9.99878 0
1.69971 9.99878 0
1.70371 9.99878 0
1.70771 9.99878 0
1.71171 9.99878 0
1.71571 9.99878 0
1.71971 9.99878 0
1.72371 9.99878 0
1.72771 9.99878 0
1.73171 9.99878 0
1.73571 9.99878 0
1.73971 9.99878 0
1.74372 9.99878 0
1.74772 9.99878 0
1.75172 9.99878 0
1.75572 9.99878 0
1.75972 9.99878 0
1.76372 9.99878 0
1.76772 9.99878 0
1.77172 9.99878 0
1.77572 9.99878 0
1.77972 9.99878 0
1.78372 9.99878 0
1.78772 9.99878 0
1.79172 9.99878 0
1.79572 9.99878 0
1.79972 9.99878 0
1.80372 9.99878 0
1.80772 9.99878 0
1.81172 9.99878 0
1.81572 9.99878 0
1.81972 9.99878 0
1.82372 9.99878 0
1.82772 9.99878 0
1.83172 9.99878 0
1.83572 9.99878 0
1.83972 9.99878 0
1.84372 9.99878 0
1.84772 9.99878 0
1.85172 9.99878 0
1.85572 9.99878 0
1.85972 9.99878 0
1.86372 9.99878 0
1.86772 9.99878 0
1.87172 9.99878 0
1.87572 9.99878 0
1.87972 9.99878 0
1.88372 9.99878 0
1.88772 9.99878 0
1.89172 9.99878 0
1.89572 9.99878 0
1.89972 9.99878 0
1.90372 9.99878 0
1.90772 9.99878 0
1.91172 9.99878 0
1.91572 9.99878 0
1.91972 9.99878 0
1.92372 9.99878 0
1.92772 9.99878 0
1.93172 9.99878 0
1.93572 9.99878 0
1.93972 9.99878 0
1.94372 9.99878 0
1.94772 9.99878 0
1.95172 9.99878 0
1.95572 9.99878 0
1.95972 9.99878 0
1.96372 9.99878 0
1.96772 9.99878 0
1.97172 9.99878 0
1.97572 9.99878 0
1.97972 9.99878 0
1.98372 9.99646 0.00232
1.98772 9.99145 0.00733
1.99172 9.98641 0.01237