-2.00018 -4.69745 0.00287
-1.99618 -4.6968 0.00304
-1.99218 -4.69844 0.00268
-1.98818 -4.69801 0.00292
-1.98418 -4.69754 0.00323
-1.98018 -4.69661 0.00402
-1.97618 -4.69522 0.00478
-1.97218 -4.69492 0.00486
-1.96818 -4.69434 0.00555
-1.96418 -4.69433 0.00583
-1.96018 -4.69473 0.00554
-1.95618 -4.69457 0.00537
-1.95218 -4.69473 0.00509
-1.94818 -4.69594 0.00419
-1.94418 -4.69857 0.0018
-1.94018 -4.69909 0.00147
-1.93618 -4.69879 0.00149
-1.93218 -4.69792 0.00183
-1.92818 -4.69674 0.0026
-1.92418 -4.69551 0.00333
-1.92018 -4.69392 0.00449
-1.91618 -4.69226 0.00529
-1.91218 -4.68859 0.00621
-1.90818 -4.68524 0.00767
-1.90418 -4.682 0.00905
-1.90018 -4.67917 0.01046
-1.89618 -4.67644 0.01177
-1.89218 -4.67463 0.01278
-1.88818 -4.67411 0.01377
-1.88418 -4.67175 0.01502
-1.88018 -4.66843 0.0162
-1.87618 -4.66657 0.01671
-1.87218 -4.66638 0.01641
-1.86818 -4.66715 0.01556
-1.86418 -4.66551 0.01488
-1.86018 -4.66361 0.01422
-1.85618 -4.66015 0.01458
-1.85218 -4.65493 0.01517
-1.84818 -4.65106 0.01549
-1.84418 -4.65013 0.01524
-1.84018 -4.64644 0.01582
-1.83618 -4.64307 0.01646
-1.83218 -4.64065 0.01693
-1.82818 -4.6369 0.01773
-1.82418 -4.6324 0.01862
-1.82018 -4.63056 0.019
-1.81618 -4.62761 0.01935
-1.81218 -4.62714 0.0198
-1.80818 -4.62735 0.02001
-1.80418 -4.62563 0.02022
-1.80018 -4.62393 0.02048
-1.79618 -4.61974 0.02072
-1.79218 -4.61657 0.02124
-1.78818 -4.61527 0.02172
-1.78418 -4.61243 0.02258
-1.78018 -4.60899 0.02329
-1.77618 -4.6057 0.02403
-1.77218 -4.60066 0.02534
-1.76818 -4.59603 0.02666
-1.76418 -4.58968 0.02831
-1.76018 -4.58113 0.03005
-1.75618 -4.57053 0.03198
-1.75218 -4.56143 0.0338
-1.74818 -4.55025 0.03579
-1.74418 -4.53768 0.03775
-1.74018 -4.52655 0.03995
-1.73618 -4.51523 0.04229
-1.73218 -4.50613 0.04429
-1.72818 -4.49703 0.04618
-1.72418 -4.48738 0.04828
-1.72018 -4.47674 0.05015
-1.71618 -4.46526 0.05193
-1.71218 -4.45479 0.0535
-1.70818 -4.4436 0.05536
-1.70418 -4.43926 0.05687
-1.70018 -4.43525 0.05855
-1.69618 -4.43305 0.05956
-1.69218 -4.42968 0.06055
-1.68818 -4.42288 0.06172
-1.68418 -4.41363 0.06313
-1.68018 -4.40305 0.06441
-1.67618 -4.39265 0.06537
-1.67218 -4.38152 0.06647
-1.66818 -4.37143 0.06774
-1.66418 -4.36025 0.06919
-1.66018 -4.34874 0.07068
-1.65618 -4.33659 0.07199
-1.65218 -4.32385 0.07327
-1.64818 -4.31324 0.07446
-1.64418 -4.3002 0.07587
-1.64018 -4.28709 0.07735
-1.63618 -4.27375 0.07867
-1.63218 -4.26193 0.07978
-1.62818 -4.25218 0.08071
-1.62418 -4.24097 0.08183
-1.62018 -4.22792 0.08298
-1.61618 -4.21856 0.08406
-1.61218 -4.20764 0.08535
-1.60818 -4.19716 0.08659
-1.60418 -4.18779 0.08769
-1.60018 -4.1785 0.08873
-1.59618 -4.16745 0.08999
-1.59218 -4.15769 0.09112
-1.58818 -4.14736 0.09236
-1.58418 -4.13713 0.09361
-1.58018 -4.12545 0.09514
-1.57618 -4.11451 0.09666
-1.57218 -4.10154 0.0983
-1.56818 -4.08973 0.09959
-1.56418 -4.07843 0.10084
-1.56018 -4.06758 0.10205
-1.55618 -4.05597 0.10325
-1.55218 -4.04353 0.10445
-1.54818 -4.03379 0.1054
-1.54418 -4.02427 0.1064
-1.54018 -4.01673 0.10729
-1.53618 -4.00877 0.10812
-1.53218 -3.99951 0.10908
-1.52818 -3.99012 0.11016
-1.52418 -3.97959 0.1114
-1.52018 -3.97023 0.11248
-1.51618 -3.9603 0.11347
-1.51218 -3.94811 0.11456
-1.50818 -3.93498 0.11558
-1.50418 -3.92289 0.11656
-1.50018 -3.911 0.11763
-1.49618 -3.89936 0.11864
-1.49218 -3.88619 0.11979
-1.48818 -3.8731 0.12082
-1.48418 -3.86267 0.1218
-1.48018 -3.8507 0.12261
-1.47618 -3.83844 0.12346
-1.47218 -3.8282 0.12409
-1.46818 -3.81639 0.12491
-1.46418 -3.80629 0.12567
-1.46018 -3.79538 0.12634
-1.45618 -3.78375 0.12689
-1.45218 -3.77331 0.12763
-1.44818 -3.76044 0.12823
-1.44418 -3.74774 0.12891
-1.44018 -3.74074 0.12981
-1.43618 -3.73134 0.13053
-1.43218 -3.72202 0.13117
-1.42818 -3.71336 0.13181
-1.42418 -3.70264 0.13229
-1.42018 -3.68976 0.13271
-1.41618 -3.67326 0.13325
-1.41218 -3.65685 0.13364
-1.40818 -3.64321 0.1341
-1.40418 -3.63093 0.13468
-1.40018 -3.61863 0.13522
-1.39618 -3.60724 0.13573
-1.39218 -3.59424 0.13629
-1.38818 -3.57879 0.13663
-1.38418 -3.56352 0.13671
-1.38018 -3.54716 0.13695
-1.37618 -3.52935 0.13721
-1.37218 -3.5098 0.13759
-1.36818 -3.49078 0.13797
-1.36418 -3.47146 0.13826
-1.36018 -3.45387 0.13875
-1.35618 -3.43923 0.13911
-1.35218 -3.4236 0.13965
-1.34818 -3.41237 0.1403
-1.34418 -3.39989 0.14083
-1.34018 -3.38723 0.14118
-1.33618 -3.37299 0.14149
-1.33218 -3.35701 0.14176
-1.32818 -3.34261 0.14202
-1.32418 -3.32833 0.14227
-1.32018 -3.31374 0.14266
-1.31618 -3.3 0.14302
-1.31218 -3.28429 0.14338
-1.30818 -3.26913 0.14365
-1.30418 -3.25342 0.14404
-1.30018 -3.23975 0.14457
-1.29617 -3.22824 0.145
-1.29217 -3.21848 0.14568
-1.28817 -3.20853 0.14629
-1.28417 -3.19768 0.14666
-1.28017 -3.18444 0.14709
-1.27617 -3.16999 0.14739
-1.27217 -3.15645 0.14782
-1.26817 -3.14548 0.14825
-1.26417 -3.13409 0.14871
-1.26017 -3.11935 0.14912
-1.25617 -3.10349 0.14943
-1.25217 -3.08838 0.14975
-1.24817 -3.07408 0.15007
-1.24417 -3.05956 0.15036
-1.24017 -3.04463 0.15051
-1.23617 -3.02902 0.15073
-1.23217 -3.01332 0.15081
-1.22817 -2.9985 0.15104
-1.22417 -2.98461 0.1511
-1.22017 -2.97082 0.15129
-1.21617 -2.95704 0.1514
-1.21217 -2.94453 0.15148
-1.20817 -2.93211 0.15148
-1.20417 -2.91836 0.15168
-1.20017 -2.90392 0.15184
-1.19617 -2.89012 0.15219
-1.19217 -2.87662 0.15268
-1.18817 -2.86663 0.15314
-1.18417 -2.85351 0.1534
-1.18017 -2.84305 0.1534
-1.17617 -2.83127 0.15364
-1.17217 -2.82047 0.15395
-1.16817 -2.80946 0.15431
-1.16417 -2.79796 0.15471
-1.16017 -2.78654 0.15511
-1.15617 -2.77589 0.1555
-1.15217 -2.76574 0.15582
-1.14817 -2.75413 0.15615
-1.14417 -2.741 0.15641
-1.14017 -2.72754 0.15649
-1.13617 -2.71242 0.15651
-1.13217 -2.69602 0.15651
-1.12817 -2.67922 0.15625
-1.12417 -2.66654 0.15634
-1.12017 -2.65467 0.15647
-1.11617 -2.643 0.15656
-1.11217 -2.62982 0.15656
-1.10817 -2.61418 0.15636
-1.10417 -2.60039 0.15625
-1.10017 -2.58673 0.15622
-1.09617 -2.57316 0.15611
-1.09217 -2.55843 0.15595
-1.08817 -2.54573 0.15603
-1.08417 -2.53337 0.15604
-1.08017 -2.52183 0.1562
-1.07617 -2.50742 0.15615
-1.07217 -2.49449 0.15603
-1.06817 -2.48048 0.1559
-1.06417 -2.46798 0.1559
-1.06017 -2.45394 0.156
-1.05617 -2.44139 0.15612
-1.05217 -2.42759 0.15626
-1.04817 -2.4152 0.15643
-1.04417 -2.40119 0.15644
-1.04017 -2.38573 0.15617
-1.03617 -2.37079 0.15611
-1.03217 -2.35348 0.15578
-1.02817 -2.33315 0.15507
-1.02417 -2.31675 0.15459
-1.02017 -2.30641 0.15505
-1.01617 -2.29486 0.15545
-1.01217 -2.27984 0.15537
-1.00817 -2.26596 0.15519
-1.00417 -2.24992 0.15476
-1.00017 -2.235 0.15403
-0.99617 -2.21972 0.15334
-0.99217 -2.20708 0.15326
-0.98817 -2.19403 0.1531
-0.98417 -2.18191 0.15305
-0.98017 -2.16923 0.15295
-0.97617 -2.15965 0.15299
-0.97217 -2.14839 0.15281
-0.96817 -2.13782 0.15276
-0.96417 -2.12779 0.15303
-0.96017 -2.11755 0.15319
-0.95617 -2.10621 0.15323
-0.95217 -2.09397 0.15311
-0.94817 -2.08254 0.15304
-0.94417 -2.07226 0.15312
-0.94017 -2.05863 0.15273
-0.93617 -2.04286 0.152
-0.93217 -2.02584 0.15107
-0.92817 -2.00789 0.14994
-0.92417 -1.99068 0.14894
-0.92017 -1.97199 0.14768
-0.91617 -1.95462 0.14652
-0.91217 -1.93826 0.14573
-0.90817 -1.92002 0.14484
-0.90417 -1.90339 0.14407
-0.90017 -1.88844 0.14351
-0.89617 -1.87557 0.14309
-0.89217 -1.86236 0.14273
-0.88817 -1.84943 0.14257
-0.88417 -1.83551 0.14231
-0.88017 -1.82248 0.14216
-0.87617 -1.81089 0.14195
-0.87217 -1.80033 0.14176
-0.86817 -1.79091 0.14183
-0.86417 -1.77912 0.1416
-0.86017 -1.76513 0.14119
-0.85617 -1.7535 0.14094
-0.85217 -1.73943 0.14045
-0.84817 -1.72338 0.13973
-0.84417 -1.70795 0.1391
-0.84017 -1.69145 0.13843
-0.83617 -1.67563 0.13785
-0.83217 -1.66131 0.13746
-0.82817 -1.64753 0.13707
-0.82417 -1.63386 0.13669
-0.82017 -1.62155 0.13638
-0.81617 -1.60911 0.13618
-0.81217 -1.59796 0.13611
-0.80817 -1.58549 0.13594
-0.80417 -1.5734 0.13582
-0.80017 -1.56211 0.13587
-0.79617 -1.55147 0.13598
-0.79217 -1.54035 0.13604
-0.78817 -1.52895 0.13606
-0.78417 -1.51773 0.13604
-0.78017 -1.50745 0.13608
-0.77617 -1.49699 0.13599
-0.77217 -1.48761 0.13598
-0.76817 -1.47815 0.13601
-0.76417 -1.46827 0.13596
-0.76017 -1.45849 0.13585
-0.75617 -1.44745 0.13552
-0.75217 -1.43623 0.135
-0.74817 -1.42601 0.13465
-0.74417 -1.41554 0.13434
-0.74017 -1.40528 0.13401
-0.73617 -1.39423 0.13373
-0.73217 -1.384 0.13344
-0.72817 -1.37476 0.13321
-0.72417 -1.36534 0.13285
-0.72017 -1.3552 0.1323
-0.71617 -1.34562 0.13176
-0.71217 -1.33619 0.13116
-0.70817 -1.32579 0.13036
-0.70417 -1.31652 0.13018
-0.70017 -1.30602 0.12952
-0.69617 -1.29644 0.12902
-0.69217 -1.28688 0.12859
-0.68817 -1.27618 0.12811
-0.68417 -1.26566 0.12761
-0.68017 -1.25489 0.12717
-0.67617 -1.24358 0.12644
-0.67217 -1.23365 0.12594
-0.66817 -1.22436 0.12551
-0.66417 -1.21453 0.1251
-0.66017 -1.20399 0.12424
-0.65617 -1.19242 0.12309
-0.65217 -1.18198 0.12212
-0.64817 -1.17146 0.12113
-0.64417 -1.16099 0.11994
-0.64017 -1.14964 0.11848
-0.63617 -1.13875 0.1172
-0.63217 -1.12726 0.11584
-0.62817 -1.11517 0.11451
-0.62417 -1.10405 0.1133
-0.62017 -1.09261 0.11204
-0.61617 -1.08325 0.11135
-0.61217 -1.07327 0.11034
-0.60817 -1.06284 0.10922
-0.60417 -1.05098 0.10786
-0.60017 -1.04016 0.10685
-0.59617 -1.02837 0.1056
-0.59217 -1.01726 0.10453
-0.58817 -1.00717 0.10385
-0.58417 -0.99689 0.10311
-0.58017 -0.98587 0.10218
-0.57617 -0.97426 0.10105
-0.57217 -0.96241 0.09988
-0.56817 -0.95081 0.09881
-0.56417 -0.93944 0.09777
-0.56017 -0.92964 0.09694
-0.55617 -0.919 0.09594
-0.55217 -0.90959 0.09492
-0.54817 -0.89951 0.09391
-0.54417 -0.89019 0.09303
-0.54017 -0.88179 0.0923
-0.53617 -0.87303 0.09153
-0.53217 -0.86454 0.09067
-0.52817 -0.85599 0.08981
-0.52417 -0.8478 0.08911
-0.52017 -0.83921 0.08822
-0.51617 -0.83034 0.08685
-0.51217 -0.82165 0.08575
-0.50817 -0.81435 0.08508
-0.50417 -0.80484 0.08371
-0.50017 -0.79638 0.0825
-0.49617 -0.78845 0.0819
-0.49217 -0.78132 0.08129
-0.48817 -0.77647 0.0819
-0.48417 -0.76751 0.08102
-0.48017 -0.75863 0.08022
-0.47617 -0.75012 0.07952
-0.47217 -0.74193 0.07881
-0.46817 -0.73451 0.07828
-0.46416 -0.72761 0.07779
-0.46016 -0.71814 0.07656
-0.45616 -0.70905 0.07532
-0.45216 -0.69834 0.07363
-0.44816 -0.68935 0.07224
-0.44416 -0.68057 0.07115
-0.44016 -0.67176 0.07013
-0.43617 -0.66341 0.06915
-0.43217 -0.65593 0.06844
-0.42817 -0.64927 0.06771
-0.42417 -0.64252 0.06722
-0.42017 -0.63542 0.06655
-0.41617 -0.62862 0.06588
-0.41217 -0.62073 0.06477
-0.40817 -0.61263 0.06368
-0.40417 -0.60293 0.06212
-0.40016 -0.59438 0.06075
-0.39616 -0.58546 0.05933
-0.39216 -0.57617 0.05795
-0.38816 -0.56709 0.05644
-0.38416 -0.5578 0.05511
-0.38016 -0.54826 0.05375
-0.37616 -0.53839 0.05251
-0.37216 -0.52838 0.05127
-0.36816 -0.51915 0.05022
-0.36416 -0.51074 0.04928
-0.36016 -0.50228 0.04829
-0.35616 -0.49432 0.04724
-0.35216 -0.48591 0.04627
-0.34816 -0.47881 0.04555
-0.34416 -0.47123 0.04471
-0.34016 -0.4637 0.0438
-0.33616 -0.4564 0.043
-0.33216 -0.44934 0.04218
-0.32816 -0.44233 0.04138
-0.32416 -0.43533 0.04059
-0.32016 -0.42925 0.03989
-0.31616 -0.4229 0.03917
-0.31216 -0.4166 0.03847
-0.30816 -0.41023 0.03781
-0.30416 -0.4033 0.03709
-0.30016 -0.39615 0.0363
-0.29616 -0.38898 0.03558
-0.29216 -0.38183 0.03488
-0.28816 -0.37527 0.03417
-0.28416 -0.36841 0.03352
-0.28016 -0.36185 0.03289
-0.27616 -0.35545 0.03224
-0.27216 -0.34856 0.03163
-0.26816 -0.34145 0.03098
-0.26416 -0.33437 0.03034
-0.26016 -0.32727 0.0297
-0.25616 -0.3202 0.02908
-0.25216 -0.31381 0.02839
-0.24816 -0.30737 0.02771
-0.24416 -0.30107 0.02709
-0.24016 -0.295 0.02651
-0.23616 -0.28901 0.02601
-0.23216 -0.28331 0.02554
-0.22816 -0.2774 0.02499
-0.22416 -0.2716 0.02447
-0.22016 -0.26555 0.02395
-0.21616 -0.25953 0.0234
-0.21216 -0.25362 0.02293
-0.20816 -0.24777 0.02248
-0.20416 -0.24199 0.02208
-0.20016 -0.23605 0.02172
-0.19616 -0.23003 0.02136
-0.19216 -0.22392 0.02093
-0.18816 -0.21791 0.02049
-0.18416 -0.21163 0.02001
-0.18016 -0.20559 0.01956
-0.17616 -0.1999 0.0191
-0.17216 -0.19427 0.01866
-0.16816 -0.18884 0.01821
-0.16416 -0.18315 0.01779
-0.16016 -0.17786 0.01741
-0.15616 -0.17278 0.01702
-0.15216 -0.1678 0.01668
-0.14816 -0.16257 0.01627
-0.14416 -0.15736 0.01589
-0.14016 -0.15207 0.01548
-0.13616 -0.14672 0.01504
-0.13216 -0.14105 0.01463
-0.12816 -0.13559 0.01424
-0.12416 -0.13022 0.01388
-0.12016 -0.12465 0.01351
-0.11616 -0.11911 0.01311
-0.11216 -0.11377 0.01277
-0.10816 -0.10824 0.0124
-0.10416 -0.10251 0.01212
-0.10016 -0.09638 0.01178
-0.09616 -0.09091 0.01144
-0.09216 -0.08537 0.01117
-0.08816 -0.0794 0.01089
-0.08416 -0.07319 0.01056
-0.08016 -0.06706 0.01023
-0.07616 -0.06109 0.00989
-0.07216 -0.05481 0.00954
-0.06816 -0.04885 0.00921
-0.06416 -0.04299 0.00889
-0.06016 -0.03688 0.00859
-0.05616 -0.03109 0.0083
-0.05216 -0.02555 0.00799
-0.04816 -0.01993 0.00769
-0.04416 -0.01422 0.00738
-0.04016 -0.00849 0.00704
-0.03616 -0.00251 0.00675
-0.03216 0.00299 0.00642
-0.02816 0.0091 0.00613
-0.02416 0.0153 0.00581
-0.02016 0.02158 0.00553
-0.01616 0.02805 0.00521
-0.01216 0.03443 0.00489
-0.00816 0.04121 0.00459
-0.00416 0.04851 0.00426
-0.000305371 0.05563 0.00397
0.00369 0.0631 0.00365
0.00769 0.0703 0.00335
0.01169 0.07791 0.00304
0.01569 0.08583 0.00274
0.01969 0.09365 0.00246
0.02369 0.10159 0.00223
0.0277 0.10995 0.00204
0.0317 0.1183 0.00197
0.03569 0.12686 0.00208
0.0397 0.13554 0.0023
0.0437 0.14397 0.00254
0.0477 0.15251 0.00279
0.0517 0.1615 0.00316
0.0557 0.17047 0.00359
0.0597 0.17997 0.00416
0.0637 0.18884 0.00467
0.0677 0.1975 0.00519
0.0717 0.20691 0.00573
0.0757 0.21634 0.00633
0.0797 0.22593 0.00693
0.0837 0.23558 0.00753
0.0877 0.24625 0.00824
0.0917 0.25705 0.009
0.0957 0.26772 0.00975
0.0997 0.27869 0.01046
0.1037 0.2895 0.01109
0.1077 0.3002 0.01175
0.1117 0.31164 0.01255
0.1157 0.32272 0.01332
0.1197 0.33432 0.01409
0.1237 0.34551 0.01476
0.1277 0.35736 0.01551
0.1317 0.36938 0.01619
0.1357 0.38083 0.01677
0.1397 0.39254 0.01739
0.1437 0.4045 0.01813
0.1477 0.41705 0.01883
0.1517 0.42921 0.01967
0.1557 0.44249 0.02079
0.1597 0.45662 0.02217
0.1637 0.47114 0.02367
0.1677 0.48526 0.02495
0.1717 0.49868 0.02608
0.1757 0.51333 0.02751
0.1797 0.52738 0.02875
0.1837 0.54169 0.02992
0.1877 0.55657 0.03123
0.1917 0.57129 0.03253
0.1957 0.58801 0.0344
0.1997 0.60529 0.03647
0.2037 0.62368 0.03862
0.2077 0.64072 0.04032
0.2117 0.65862 0.04231
0.2157 0.67652 0.04401
0.2197 0.69331 0.04549
0.2237 0.71131 0.04721
0.2277 0.72948 0.04911
0.2317 0.74846 0.05109
0.2357 0.76722 0.05286
0.2397 0.78489 0.05439
0.2437 0.80205 0.05563
0.2477 0.81796 0.05659
0.2517 0.83506 0.05796
0.2557 0.85303 0.05963
0.2597 0.87238 0.0616
0.2637 0.89242 0.06356
0.2677 0.9123 0.06578
0.2717 0.93211 0.06782
0.2757 0.95131 0.06931
0.2797 0.97262 0.0714
0.2837 0.99472 0.07338
0.2877 1.01558 0.07524
0.2917 1.0375 0.07738
0.2957 1.05916 0.07936
0.2997 1.08119 0.08139
0.3037 1.10557 0.08388
0.3077 1.12914 0.08618
0.3117 1.1515 0.08841
0.3157 1.1739 0.09021
0.3197 1.19965 0.09295
0.3237 1.22578 0.09573
0.3277 1.25199 0.0985
0.3317 1.2772 0.10112
0.3357 1.29904 0.10258
0.3397 1.32052 0.10379
0.3437 1.34229 0.10529
0.3477 1.36395 0.10687
0.3517 1.38389 0.1083
0.3557 1.40486 0.1099
0.3597 1.42581 0.11204
0.3637 1.44929 0.11469
0.3677 1.47063 0.11693
0.3717 1.49485 0.11902
0.3757 1.51909 0.12105
0.3797 1.54333 0.12307
0.3837 1.56971 0.12483
0.3877 1.59609 0.12642
0.3917 1.62702 0.12848
0.3957 1.65846 0.13081
0.3997 1.69061 0.13329
0.4037 1.72466 0.13669
0.4077 1.75906 0.14052
0.4117 1.79499 0.14489
0.4157 1.83519 0.15019
0.4197 1.87456 0.15493
0.4237 1.90719 0.15846
0.4277 1.94109 0.1625
0.4317 1.97678 0.16662
0.4357 2.00904 0.16972
0.4397 2.04106 0.17288
0.4437 2.07395 0.17614
0.4477 2.10581 0.17892
0.4517 2.1364 0.18177
0.4557 2.17436 0.18597
0.4597 2.22015 0.19187
0.4637 2.25916 0.19663
0.4677 2.29606 0.20132
0.4717 2.33302 0.20608
0.4757 2.37133 0.21141
0.4797 2.41019 0.21619
0.4837 2.4461 0.22009
0.4877 2.48143 0.22381
0.4917 2.51784 0.22713
0.4957 2.56047 0.23176
0.4997 2.60414 0.23629
0.5037 2.64448 0.24037
0.5077 2.68412 0.24389
0.5117 2.73023 0.24911
0.5157 2.77138 0.25335
0.5197 2.81337 0.25762
0.5237 2.85518 0.26179
0.5277 2.89821 0.26602
0.5317 2.93621 0.26916
0.5357 2.97592 0.27267
0.5397 3.01439 0.27568
0.5437 3.05848 0.27941
0.5477 3.09896 0.28253
0.5517 3.13994 0.28521
0.5557 3.18029 0.28761
0.5597 3.22475 0.29053
0.5637 3.26655 0.29283
0.5677 3.31061 0.29467
0.5717 3.35177 0.29616
0.5757 3.39133 0.2978
0.5797 3.43316 0.29992
0.5837 3.47747 0.30226
0.5877 3.52311 0.3046
0.5917 3.56876 0.30666
0.5957 3.61521 0.30915
0.5997 3.66633 0.31242
0.6037 3.71557 0.31528
0.6077 3.76257 0.31807
0.6117 3.80945 0.32121
0.6157 3.85426 0.32344
0.6197 3.89827 0.32539
0.6237 3.93616 0.3266
0.6277 3.97252 0.3277
0.6317 4.00767 0.32889
0.6357 4.04632 0.33056
0.6397 4.08509 0.33245
0.6437 4.12076 0.33382
0.6477 4.1588 0.33525
0.6517 4.20003 0.3369
0.6557 4.24264 0.33839
0.6597 4.28138 0.33977
0.6637 4.31977 0.34104
0.6677 4.36176 0.3426
0.6717 4.40045 0.3439
0.6757 4.4405 0.34563
0.6797 4.4804 0.34696
0.6837 4.51685 0.34814
0.6877 4.5585 0.34947
0.6917 4.59849 0.35099
0.6957 4.63888 0.3523
0.6997 4.68094 0.35383
0.7037 4.72811 0.35558
0.7077 4.76873 0.35657
0.7117 4.81081 0.35767
0.7157 4.8495 0.3588
0.7197 4.89054 0.35998
0.7237 4.9286 0.36051
0.7277 4.96445 0.36075
0.7317 4.99651 0.36112
0.7357 5.02584 0.36114
0.7397 5.05536 0.36121
0.7437 5.08749 0.36147
0.7477 5.11926 0.36189
0.7517 5.15002 0.36208
0.7557 5.18349 0.36248
0.7597 5.21331 0.36237
0.7637 5.24249 0.36219
0.7677 5.27382 0.36193
0.7717 5.30443 0.36175
0.7757 5.33815 0.36145
0.7797 5.36777 0.36128
0.7837 5.40112 0.36122
0.7877 5.43675 0.36148
0.7917 5.47364 0.36124
0.7957 5.51152 0.36106
0.7997 5.54653 0.36068
0.8037 5.58488 0.36057
0.8077 5.62383 0.36014
0.8117 5.65592 0.35945
0.8157 5.68659 0.35873
0.8197 5.71863 0.35803
0.8237 5.74787 0.35694
0.8277 5.77443 0.35597
0.8317 5.80324 0.35508
0.8357 5.83331 0.35434
0.8397 5.86516 0.35373
0.84371 5.89315 0.35334
0.84771 5.92707 0.35264
0.85171 5.9613 0.35222
0.85571 6.00051 0.35196
0.85971 6.04123 0.35198
0.8637 6.07982 0.35195
0.8677 6.11528 0.35178
0.8717 6.1468 0.35132
0.8757 6.17889 0.35085
0.8797 6.20772 0.35054
0.8837 6.24853 0.34969
0.8877 6.29252 0.34889
0.8917 6.33524 0.34826
0.8957 6.37877 0.34777
0.8997 6.42389 0.34715
0.9037 6.46694 0.34599
0.9077 6.50546 0.34529
0.9117 6.54312 0.34473
0.9157 6.57943 0.34408
0.9197 6.61585 0.34287
0.92371 6.64684 0.34148
0.92771 6.67498 0.34047
0.93171 6.70352 0.33948
0.93571 6.73364 0.33868
0.93971 6.76404 0.3378
0.94371 6.79451 0.33667
0.94771 6.82417 0.33488
0.95171 6.85554 0.33295
0.95571 6.88619 0.33096
0.95971 6.91618 0.32912
0.96371 6.94453 0.32758
0.96771 6.97871 0.32586
0.97171 7.01547 0.32382
0.97571 7.05149 0.32165
0.97971 7.08632 0.31994
0.98371 7.11608 0.3183
0.98771 7.15193 0.31618
0.99171 7.19008 0.31433
0.99571 7.22635 0.31251
0.99971 7.26202 0.31087
1.00371 7.29861 0.30951
1.00771 7.33717 0.30812
1.01171 7.37735 0.30676
1.01571 7.41933 0.30525
1.01971 7.45873 0.30392
1.02371 7.50452 0.30224
1.02771 7.54994 0.30054
1.03171 7.59185 0.29903
1.03571 7.63167 0.29766
1.03971 7.67475 0.29588
1.04371 7.71805 0.29382
1.04771 7.75955 0.29183
1.05171 7.79767 0.29027
1.05571 7.84206 0.28715
1.05971 7.88118 0.28505
1.06371 7.9226 0.28272
1.06771 7.96554 0.28025
1.07171 8.01162 0.2773
1.07571 8.05612 0.27487
1.07971 8.1053 0.27225
1.08371 8.15818 0.26942
1.08771 8.2106 0.26675
1.09171 8.25925 0.26449
1.09571 8.3143 0.26123
1.09971 8.36091 0.25896
1.10371 8.40303 0.25716
1.10771 8.44023 0.25581
1.11171 8.4803 0.25382
1.11571 8.51721 0.25205
1.11971 8.55505 0.24962
1.12371 8.59325 0.24717
1.12771 8.63171 0.24436
1.13171 8.66281 0.2427
1.13571 8.69395 0.2408
1.13971 8.72566 0.23873
1.14371 8.75911 0.23591
1.14771 8.78723 0.23449
1.15171 8.81415 0.23296
1.15571 8.84034 0.23103
1.15971 8.86747 0.22875
1.16371 8.89726 0.2264
1.16771 8.92609 0.22402
1.17171 8.94741 0.22254
1.17571 8.97333 0.22022
1.17971 9.00278 0.21774
1.18371 9.02493 0.21607
1.18771 9.04476 0.21413
1.19171 9.05961 0.21275
1.19571 9.07163 0.21135
1.19971 9.08532 0.20983
1.20371 9.09647 0.20862
1.20771 9.11613 0.20701
1.21171 9.14207 0.20468
1.21571 9.17642 0.20125
1.21971 9.2071 0.1983
1.22371 9.23549 0.19587
1.22771 9.26187 0.19331
1.23171 9.28184 0.19135
1.23571 9.3009 0.18984
1.23971 9.31681 0.18814
1.24371 9.3355 0.18606
1.24771 9.35205 0.1842
1.25171 9.36838 0.18179
1.25571 9.38157 0.18014
1.25971 9.39775 0.17731
1.26371 9.41786 0.17414
1.26771 9.4427 0.16989
1.27171 9.47105 0.16454
1.27571 9.48968 0.16163
1.27971 9.50515 0.15916
1.28371 9.52715 0.15504
1.28771 9.54513 0.15162
1.29171 9.56087 0.14899
1.29571 9.57909 0.14648
1.29971 9.5976 0.14375
1.30371 9.61962 0.14032
1.30771 9.63563 0.13774
1.31171 9.652 0.1354
1.31571 9.66543 0.13343
1.31971 9.67201 0.1327
1.32371 9.68046 0.13205
1.32771 9.69403 0.1306
1.33171 9.71011 0.12858
1.33571 9.72404 0.12707
1.33971 9.73912 0.12535
1.34371 9.75133 0.12402
1.34771 9.76277 0.12296
1.35171 9.77818 0.12024
1.35571 9.79153 0.11779
1.35971 9.80627 0.11577
1.36371 9.82021 0.114
1.36771 9.82948 0.11325
1.37171 9.83659 0.11263
1.37571 9.84567 0.11134
1.37971 9.85327 0.11052
1.38371 9.85948 0.10968
1.38771 9.86474 0.10904
1.39171 9.86931 0.10854
1.39571 9.87279 0.1081
1.39971 9.8751 0.10774
1.40371 9.87565 0.10744
1.40771 9.87608 0.10721
1.41171 9.87633 0.10701
1.41571 9.8731 0.10714
1.41971 9.87058 0.1073
1.42371 9.86994 0.10735
1.42771 9.87004 0.10736
1.43171 9.87034 0.10738
1.43571 9.87134 0.10734
1.43971 9.87239 0.10732
1.44371 9.87615 0.10682
1.44771 9.87983 0.10617
1.45171 9.88679 0.10207
1.45571 9.89618 0.09335
1.45971 9.90434 0.08547
1.46371 9.91427 0.07829
1.46771 9.9216 0.0717
1.47171 9.92237 0.06584
1.47571 9.92159 0.061
1.47971 9.92142 0.05699
1.48371 9.91939 0.05405
1.48771 9.91823 0.05173
1.49171 9.91884 0.04949
1.49571 9.91965 0.04727
1.49971 9.92385 0.0447
1.50371 9.92484 0.04354
1.50771 9.92652 0.04257
1.51171 9.92775 0.04205
1.51571 9.93339 0.03916
1.51971 9.93804 0.03605
1.52371 9.94187 0.03331
1.52771 9.94608 0.03055
1.53171 9.95049 0.02788
1.53571 9.95566 0.02489
1.53971 9.96061 0.02206
1.54371 9.96433 0.02004
1.54771 9.96768 0.01833
1.55171 9.97096 0.01677
1.55571 9.97458 0.01499
1.55971 9.97892 0.0126
1.56371 9.98307 0.01028
1.56771 9.98701 0.00818
1.57171 9.99057 0.00634
1.57571 9.99303 0.00474
1.57971 9.99531 0.00336
1.58371 9.99658 0.0022
1.58771 9.99767 0.00111
1.59171 9.99868 9.71591e-005
1.59571 9.99878 0
1.59971 9.99878 0
1.60371 9.99708 0.0017
1.60771 9.99818 0.0006
1.61171 9.99878 0
1.61571 9.99806 0.000717841
1.61971 9.99456 0.00422
1.62371 9.99578 0.003
1.62771 9.99696 0.00182
1.63171 9.99804 0.00073875
1.63571 9.99878 0
1.63971 9.99878 0
1.64371 9.99878 0
1.64771 9.99878 0
1.65171 9.99878 0
1.65571 9.99878 0
1.65971 9.99878 0
1.66371 9.99878 0
1.66771 9.99878 0
1.67171 9.99878 0
1.67571 9.99878 0
1.67971 9.99878 0
1.68371 9.99878 0
1.68771 9.99878 0
1.69171 9.99878 0
1.69571 9.99878 0
1.69971 9.99878 0
1.70371 9.99878 0
1.70771 9.99878 0
1.71171 9.99878 0
1.71571 9.99878 0
1.71971 9.99878 0
1.72371 9.99878 0
1.72771 9.99878 0
1.73171 9.99878 0
1.73571 9.99878 0
1.73971 9.99878 0
1.74372 9.99878 0
1.74772 9.99878 0
1.75172 9.99878 0
1.75572 9.99878 0
1.75972 9.99878 0
1.76372 9.99878 0
1.76772 9.99878 0
1.77172 9.99878 0
1.77572 9.99878 0
1.77972 9.99878 0
1.78372 9.99878 0
1.78772 9.99878 0
1.79172 9.99878 0
1.79572 9.99878 0
1.79972 9.99878 0
1.80372 9.99878 0
1.80772 9.99878 0
1.81172 9.99878 0
1.81572 9.99878 0
1.81972 9.99878 0
1.82372 9.99878 0
1.82772 9.99878 0
1.83172 9.99878 0
1.83572 9.99878 0
1.83972 9.99878 0
1.84372 9.99878 0
1.84772 9.99878 0
1.85172 9.99878 0
1.85572 9.99878 0
1.85972 9.99854 0.000235795
1.86372 9.99878 0
1.86772 9.99878 0
1.87172 9.99878 0
1.87572 9.99878 0
1.87972 9.99878 0
1.88372 9.99878 0
1.88772 9.99878 0
1.89172 9.99878 0
1.89572 9.99878 0
1.89972 9.99878 0
1.90372 9.99878 0
1.90772 9.99878 0
1.91172 9.99878 0
1.91572 9.99878 0
1.91972 9.99878 0
1.92372 9.99878 0
1.92772 9.99878 0
1.93172 9.99878 0
1.93572 9.99878 0
1.93972 9.9974 0.00138
1.94372 9.9903 0.00848
1.94772 9.99035 0.00843
1.95172 9.99171 0.00707
1.95572 9.99293 0.00585
1.95972 9.99404 0.00474
1.96372 9.99509 0.00369
1.96772 9.99598 0.0028
1.97172 9.99685 0.00193
1.97572 9.9976 0.00118
1.97972 9.99799 0.000787273
1.98372 9.99826 0.000520227
1.98772 9.99861 0.000166477
1.99172 9.99683 0.00195