-2.00018 0.36342737
-1.99618 0.32178242
-1.99218 0.31792124
-1.98818 0.31152448
-1.98418 0.30523707
-1.98018 0.29972825
-1.97618 0.2888911
-1.97218 0.28558917
-1.96818 0.27780537
-1.96418 0.2572462
-1.96018 0.23185955
-1.95618 0.21507121
-1.95218 0.21132037
-1.94818 0.21768173
-1.94418 0.23541158
-1.94018 0.2424417
-1.93618 0.23262089
-1.93218 0.20797027
-1.92818 0.21283337
-1.92418 0.22358424
-1.92018 0.22975939
-1.91618 0.23936912
-1.91218 0.2255218
-1.90818 0.19556917
-1.90418 0.17480273
-1.90018 0.18273746
-1.89618 0.19110791
-1.89218 0.20578602
-1.88818 0.22794137
-1.88418 0.23450809
-1.88018 0.22219455
-1.87618 0.21173747
-1.87218 0.23197969
-1.86818 0.25368716
-1.86418 0.26508782
-1.86018 0.28384594
-1.85618 0.28049601
-1.85218 0.25521852
-1.84818 0.2478678
-1.84418 0.28953751
-1.84018 0.29669491
-1.83618 0.28954579
-1.83218 0.28460415
-1.82818 0.27420841
-1.82418 0.26123619
-1.82018 0.29250247
-1.81618 0.30866807
-1.81218 0.35297065
-1.80818 0.41534565
-1.80418 0.46271712
-1.80019 0.51530088
-1.79619 0.53305101
-1.79219 0.5719651
-1.78819 0.63813712
-1.78419 0.69038084
-1.78019 0.72687855
-1.77619 0.76409362
-1.77219 0.76526645
-1.76819 0.7668182
-1.76419 0.75206951
-1.76019 0.70630753
-1.75619 0.63566786
-1.75219 0.60132085
-1.74819 0.54189973
-1.74419 0.45560003
-1.74019 0.41338218
-1.73619 0.36074523
-1.73219 0.33812332
-1.72819 0.30949048
-1.72419 0.27350977
-1.72019 0.23722867
-1.71619 0.17723416
-1.71219 0.12687774
-1.70819 0.076460089
-1.70419 0.099552297
-1.70019 0.13060238
-1.69619 0.17422351
-1.69219 0.21310964
-1.68819 0.21650245
-1.68419 0.18590567
-1.68019 0.11129591
-1.67619 0.017873874
-1.67219 -0.062039975
-1.66819 -0.11013946
-1.66419 -0.17354076
-1.66019 -0.23937906
-1.65619 -0.29257279
-1.65219 -0.34789322
-1.64819 -0.39005577
-1.64419 -0.46789162
-1.64019 -0.54251184
-1.63619 -0.64304047
-1.63219 -0.70719414
-1.62819 -0.74403459
-1.62419 -0.80506899
-1.62019 -0.86184156
-1.61619 -0.88318841
-1.61219 -0.91451892
-1.60819 -0.95092006
-1.60419 -0.97621359
-1.60019 -1.0333598
-1.59619 -1.073186
-1.59219 -1.0788555
-1.58819 -1.1047497
-1.58419 -1.1386419
-1.58019 -1.1791252
-1.57619 -1.2180468
-1.57219 -1.2928099
-1.56819 -1.3602915
-1.56419 -1.4038336
-1.56019 -1.4358357
-1.55619 -1.4990073
-1.55219 -1.5928411
-1.54819 -1.668109
-1.54419 -1.7362141
-1.54019 -1.7680124
-1.53619 -1.80238
-1.53219 -1.8845291
-1.52819 -1.967336
-1.52419 -2.0568789
-1.52019 -2.1198177
-1.51619 -2.1889572
-1.51219 -2.3175261
-1.50819 -2.4757647
-1.50419 -2.5872151
-1.50019 -2.6813974
-1.49619 -2.7761744
-1.49219 -2.9011742
-1.48819 -3.004782
-1.48419 -3.063049
-1.48019 -3.1310335
-1.47619 -3.1978705
-1.47219 -3.2202366
-1.46819 -3.2551384
-1.46419 -3.2755475
-1.46019 -3.2958577
-1.45619 -3.3222061
-1.45219 -3.3376626
-1.44819 -3.3948683
-1.44419 -3.442821
-1.44019 -3.4107825
-1.43619 -3.4114559
-1.43219 -3.4204579
-1.42819 -3.4339373
-1.42419 -3.4733564
-1.42019 -3.5385402
-1.41619 -3.6554244
-1.41219 -3.7656529
-1.40819 -3.8400528
-1.40419 -3.8847454
-1.4002 -3.9223027
-1.3962 -3.9385595
-1.3922 -3.9908433
-1.3882 -4.0659102
-1.3842 -4.1417062
-1.3802 -4.2571482
-1.3762 -4.3832451
-1.3722 -4.5121711
-1.3682 -4.6214418
-1.3642 -4.7593703
-1.3602 -4.8585249
-1.3562 -4.9406517
-1.3522 -5.0253619
-1.3482 -5.0477
-1.3442 -5.1193072
-1.3402 -5.1688105
-1.3362 -5.2567271
-1.3322 -5.3634554
-1.3282 -5.4368567
-1.3242 -5.5013039
-1.3202 -5.5700885
-1.3162 -5.6187295
-1.3122 -5.6989329
-1.3082 -5.7820086
-1.3042 -5.8592558
-1.3002 -5.913973
-1.2962 -5.9324022
-1.2922 -5.9342381
-1.2882 -5.9457384
-1.2842 -5.9522462
-1.2802 -5.963124
-1.2762 -5.9782214
-1.2722 -5.9993865
-1.2682 -5.9936852
-1.2642 -5.9970847
-1.2602 -6.0347191
-1.2562 -6.1065631
-1.2522 -6.1625731
-1.2482 -6.227523
-1.2442 -6.3082098
-1.2402 -6.3868383
-1.2362 -6.4856763
-1.2322 -6.5941968
-1.2282 -6.724545
-1.2242 -6.8013521
-1.2202 -6.8279894
-1.2162 -6.8756643
-1.2122 -6.9352241
-1.2082 -6.9380682
-1.2042 -6.9640076
-1.2002 -7.0148026
-1.1962 -7.0676053
-1.1922 -7.1260345
-1.1882 -7.1118319
-1.1842 -7.1519675
-1.1802 -7.1523393
-1.1762 -7.1706551
-1.1722 -7.1854711
-1.1682 -7.2030176
-1.1642 -7.2513682
-1.1602 -7.2832412
-1.1562 -7.322138
-1.1522 -7.3406959
-1.1482 -7.38958
-1.1442 -7.4593609
-1.1402 -7.5442087
-1.1362 -7.6695282
-1.1322 -7.8050198
-1.1282 -7.9770299
-1.1242 -8.0722559
-1.1202 -8.153617
-1.1162 -8.207049
-1.1122 -8.3330574
-1.1082 -8.490571
-1.1042 -8.5861524
-1.1002 -8.6741935
-1.0962 -8.7884277
-1.0922 -8.9283045
-1.0882 -9.0178742
-1.0842 -9.0800776
-1.0802 -9.0954312
-1.0762 -9.151216
-1.0722 -9.1839075
-1.0682 -9.2490868
-1.0642 -9.2801088
-1.0602 -9.3380621
-1.0562 -9.3829392
-1.0522 -9.415665
-1.0482 -9.3850768
-1.0442 -9.4009387
-1.0402 -9.4421407
-1.0362 -9.4939161
-1.0322 -9.6096165
-1.0282 -9.8095755
-1.0242 -9.9283708
-1.0202 -9.9519794
-1.0162 -9.9694401
-1.0122 -10.072239
-1.0082 -10.135743
-1.0042 -10.224552
-1.00021 -10.294646
-0.99621 -10.366312
-0.99221 -10.38284
-0.98821 -10.417487
-0.98421 -10.461762
-0.98021 -10.50596
-0.97621 -10.47473
-0.97221 -10.473845
-0.96821 -10.478216
-0.96421 -10.490417
-0.96021 -10.494961
-0.95621 -10.530072
-0.95221 -10.585442
-0.94821 -10.615158
-0.94421 -10.590555
-0.94021 -10.668764
-0.93621 -10.798491
-0.93221 -10.96565
-0.92821 -11.182814
-0.92421 -11.392399
-0.92021 -11.628709
-0.91621 -11.843256
-0.91221 -12.018627
-0.90821 -12.242953
-0.90421 -12.404947
-0.90021 -12.510047
-0.89621 -12.551779
-0.89221 -12.603059
-0.88821 -12.635507
-0.88421 -12.701228
-0.88021 -12.724939
-0.87621 -12.710902
-0.87221 -12.824982
-0.86821 -12.985811
-0.86421 -13.134075
-0.86021 -13.292254
-0.85621 -13.355123
-0.85221 -13.475322
-0.84821 -13.650517
-0.84421 -13.840458
-0.84021 -14.056653
-0.83621 -14.277091
-0.83221 -14.413614
-0.82821 -14.545035
-0.82421 -14.694643
-0.82021 -14.807898
-0.81621 -14.908827
-0.81221 -14.983615
-0.80821 -15.074649
-0.80421 -15.148884
-0.80021 -15.19713
-0.79621 -15.239451
-0.79221 -15.309085
-0.78821 -15.392064
-0.78421 -15.499897
-0.78021 -15.593217
-0.77621 -15.675341
-0.77221 -15.729102
-0.76821 -15.747147
-0.76421 -15.789262
-0.76021 -15.814474
-0.75621 -15.900561
-0.75221 -15.9641
-0.74821 -16.005843
-0.74421 -16.056901
-0.74021 -16.106637
-0.73621 -16.157565
-0.73221 -16.227511
-0.72821 -16.276577
-0.72421 -16.322722
-0.72021 -16.377345
-0.71621 -16.427105
-0.71221 -16.474044
-0.70821 -16.557479
-0.70421 -16.609347
-0.70021 -16.780396
-0.69621 -16.911522
-0.69221 -17.011597
-0.68821 -17.128489
-0.68421 -17.227624
-0.68021 -17.332938
-0.67621 -17.442374
-0.67221 -17.486114
-0.66821 -17.516335
-0.66421 -17.583916
-0.66021 -17.65249
-0.65621 -17.775181
-0.65221 -17.839829
-0.64821 -17.944228
-0.64421 -18.040644
-0.64021 -18.201059
-0.63621 -18.373022
-0.63221 -18.557073
-0.62821 -18.779334
-0.62421 -18.950641
-0.62021 -19.130136
-0.61621 -19.215841
-0.61221 -19.337046
-0.60821 -19.478217
-0.60421 -19.699001
-0.60022 -19.879699
-0.59622 -20.081588
-0.59222 -20.248804
-0.58822 -20.376423
-0.58422 -20.486165
-0.58022 -20.666044
-0.57622 -20.83181
-0.57222 -21.003714
-0.56822 -21.159036
-0.56422 -21.334561
-0.56022 -21.432495
-0.55622 -21.593148
-0.55222 -21.692498
-0.54822 -21.850962
-0.54422 -21.933447
-0.54022 -21.986819
-0.53622 -22.067513
-0.53222 -22.131314
-0.52822 -22.217276
-0.52422 -22.264497
-0.52022 -22.31971
-0.51622 -22.405408
-0.51222 -22.478763
-0.50822 -22.436871
-0.50422 -22.53967
-0.50022 -22.607006
-0.49622 -22.640741
-0.49222 -22.654498
-0.48822 -22.51685
-0.48422 -22.536732
-0.48022 -22.552032
-0.47622 -22.538512
-0.47222 -22.497089
-0.46822 -22.404314
-0.46422 -22.249289
-0.46022 -22.248142
-0.45622 -22.211131
-0.45222 -22.295708
-0.44822 -22.243149
-0.44422 -22.226412
-0.44022 -22.18883
-0.43622 -22.117693
-0.43222 -21.993591
-0.42822 -21.833546
-0.42422 -21.667317
-0.42022 -21.520394
-0.41622 -21.362593
-0.41222 -21.272643
-0.40822 -21.232027
-0.40422 -21.283358
-0.40022 -21.275483
-0.39622 -21.285076
-0.39222 -21.316176
-0.38822 -21.308269
-0.38422 -21.349075
-0.38022 -21.401135
-0.37622 -21.49594
-0.37222 -21.538587
-0.36822 -21.399217
-0.36422 -21.223149
-0.36022 -21.054079
-0.35622 -20.864277
-0.35222 -20.717414
-0.34822 -20.478547
-0.34422 -20.312434
-0.34022 -20.166274
-0.33622 -20.00771
-0.33222 -19.833045
-0.32822 -19.65351
-0.32422 -19.49303
-0.32022 -19.254098
-0.31622 -19.065113
-0.31222 -18.840749
-0.30822 -18.672454
-0.30422 -18.526073
-0.30022 -18.403278
-0.29622 -18.355314
-0.29222 -18.2985
-0.28822 -18.134433
-0.28422 -18.023269
-0.28022 -17.92517
-0.27622 -17.784304
-0.27222 -17.721325
-0.26822 -17.69936
-0.26422 -17.688749
-0.26022 -17.669249
-0.25622 -17.669738
-0.25222 -17.625602
-0.24822 -17.577204
-0.24422 -17.528822
-0.24022 -17.469551
-0.23622 -17.440101
-0.23222 -17.347683
-0.22822 -17.337424
-0.22422 -17.298795
-0.22022 -17.271878
-0.21622 -17.276319
-0.21222 -17.325991
-0.20822 -17.320747
-0.20422 -17.325228
-0.20023 -17.337581
-0.19623 -17.359141
-0.19223 -17.452187
-0.18823 -17.500804
-0.18423 -17.573091
-0.18023 -17.683549
-0.17623 -17.699588
-0.17223 -17.729476
-0.16823 -17.785804
-0.16423 -17.87379
-0.16023 -17.921635
-0.15623 -17.953343
-0.15223 -17.889022
-0.14823 -17.969538
-0.14423 -18.058808
-0.14023 -18.147341
-0.13623 -18.377672
-0.13223 -18.622081
-0.12823 -18.90745
-0.12423 -19.074678
-0.12023 -19.406938
-0.11623 -19.665723
-0.11223 -19.921229
-0.10823 -20.213589
-0.10423 -20.583569
-0.10023 -21.186129
-0.09623 -21.582145
-0.09223 -21.957901
-0.08823 -22.525946
-0.08423 -23.434481
-0.08023 -24.424689
-0.07623 -25.536964
-0.07223 -27.247433
-0.06823 -28.659914
-0.06423 -30.297638
-0.06023 -32.879572
-0.05623 -35.823045
-0.05223 -39.205691
-0.04823 -43.885698
-0.04423 -51.101246
-0.04023 -62.448087
-0.03623 -83.921448
-0.03223 -128.71336
-0.02823 -367.06231
-0.02423 353.05514
-0.02023 111.94472
-0.01623 64.159812
-0.01223 43.478261
-0.00823 32.207207
-0.00423 25.27188
-0.00023 20.557717
0.00377 16.962634
0.00777 14.434246
0.01177 12.197226
0.01577 10.627895
0.01977 9.3431253
0.02377 8.245558
0.02777 7.4775478
0.03177 6.7159137
0.03577 6.1995736
0.03977 5.8089669
0.04377 5.3697408
0.04777 4.8521685
0.05177 4.556479
0.05577 4.1946514
0.05977 4.0371953
0.06377 3.7463977
0.06777 3.3298484
0.07177 3.1737332
0.07577 2.9552317
0.07977 2.733035
0.08377 2.5800557
0.08777 2.5999709
0.09177 2.5412074
0.09577 2.4473252
0.09977 2.3600661
0.10377 2.2321035
0.10777 2.0847846
0.11177 2.0468937
0.11577 1.9188891
0.11977 1.8388285
0.12377 1.6958127
0.12777 1.599659
0.13177 1.5259941
0.13577 1.4186474
0.13977 1.3679184
0.14377 1.3497608
0.14777 1.4133116
0.15177 1.4205585
0.15577 1.545907
0.15977 1.698424
0.16377 1.897968
0.16777 2.0269205
0.17177 2.0379782
0.17577 2.157243
0.17977 2.1677882
0.18377 2.157419
0.18777 2.2156953
0.19177 2.2038641
0.19577 2.3424113
0.19976 2.5371429
0.20376 2.7229475
0.20776 2.7934573
0.21176 2.91203
0.21576 3.0474204
0.21976 3.1259525
0.22376 3.2522979
0.22776 3.345488
0.23176 3.486307
0.23576 3.6125548
0.23976 3.6739706
0.24376 3.6897269
0.24776 3.6363406
0.25176 3.6497528
0.25576 3.7110408
0.25976 3.8217432
0.26376 3.9422976
0.26776 4.0194676
0.27176 4.0624093
0.27576 4.101602
0.27976 4.2376195
0.28376 4.3871428
0.28776 4.4169566
0.29176 4.553468
0.29576 4.5386824
0.29976 4.566614
0.30376 4.6305363
0.30776 4.6637694
0.31176 4.6508036
0.31576 4.6276662
0.31976 4.7318584
0.32376 4.8652624
0.32776 5.0063722
0.33176 5.0625416
0.33576 5.0067681
0.33976 4.9259245
0.34376 4.8765818
0.34776 4.8060229
0.35176 4.6285483
0.35576 4.4308689
0.35976 4.2777288
0.36376 4.1928864
0.36776 3.9778049
0.37176 3.9057967
0.37576 3.754208
0.37976 3.6324456
0.38376 3.5593327
0.38776 3.4664662
0.39176 3.4732686
0.39576 3.549114
0.39976 3.6361798
0.40376 3.7327882
0.40776 3.719728
0.41176 3.7844086
0.41576 3.9913217
0.41976 4.1116047
0.42376 4.0815547
0.42776 4.0603261
0.43176 4.0348528
0.43576 3.906761
0.43976 3.7731533
0.44376 3.6036688
0.44776 3.3960375
0.45176 3.1583013
0.45576 3.0404813
0.45976 3.1319661
0.46376 3.0793337
0.46776 2.9902418
0.47176 2.8861034
0.47576 2.8432803
0.47976 2.8047626
0.48376 2.6355145
0.48776 2.4650737
0.49176 2.3003306
0.49576 2.2903599
0.49976 2.2581658
0.50376 2.1736191
0.50776 2.0475883
0.51176 2.010467
0.51576 1.8909953
0.51976 1.79574
0.52376 1.701748
0.52776 1.5914738
0.53176 1.3320544
0.53576 1.0876487
0.53976 0.78977059
0.54376 0.55751328
0.54776 0.3092258
0.55176 0.096893666
0.55576 -0.094851629
0.55976 -0.25359361
0.56376 -0.45504611
0.56776 -0.60605879
0.57176 -0.76770631
0.57576 -0.97003476
0.57976 -1.1934445
0.58376 -1.4078359
0.58776 -1.5617601
0.59176 -1.7043624
0.59576 -1.8651881
0.59975 -1.9902685
0.60375 -2.1728314
0.60775 -2.3737317
0.61175 -2.5241129
0.61575 -2.7384489
0.61975 -2.9887717
0.62375 -3.3098074
0.62775 -3.6512317
0.63175 -3.9683262
0.63575 -4.2412927
0.63975 -4.5177816
0.64375 -4.8101342
0.64775 -5.0574198
0.65175 -5.2622914
0.65575 -5.4635708
0.65975 -5.6682294
0.66375 -5.8883114
0.66775 -6.0523014
0.67175 -6.2963625
0.67575 -6.4820313
0.67975 -6.6282415
0.68375 -6.7885861
0.68775 -6.8789856
0.69175 -6.9914322
0.69575 -7.1114946
0.69975 -7.2057688
0.70375 -7.247693
0.70775 -7.3651579
0.71175 -7.4482277
0.71575 -7.5683423
0.71975 -7.6217125
0.72375 -7.714631
0.72775 -7.8067798
0.73175 -7.9432133
0.73575 -8.0949477
0.73975 -8.2433523
0.74375 -8.3425209
0.74775 -8.4155551
0.75175 -8.5008239
0.75575 -8.5487516
0.75975 -8.6394442
0.76375 -8.7178282
0.76775 -8.7795399
0.77175 -8.8572928
0.77575 -8.8614618
0.77975 -8.9009038
0.78375 -8.8985005
0.78775 -8.9093949
0.79175 -8.9103177
0.79575 -8.8964442
0.79975 -8.9444093
0.80375 -8.954011
0.80775 -8.974748
0.81175 -9.0308614
0.81575 -9.1040589
0.81975 -9.1827101
0.82375 -9.2990211
0.82775 -9.4274785
0.83175 -9.5532348
0.83575 -9.6565625
0.83975 -9.7099791
0.84375 -9.8016439
0.84775 -9.8352302
0.85175 -9.8528275
0.85575 -9.8314569
0.85975 -9.7771028
0.86375 -9.7457303
0.86775 -9.7250843
0.87175 -9.6950906
0.87575 -9.6806256
0.87975 -9.6798504
0.88375 -9.5845578
0.88775 -9.4592057
0.89175 -9.3398794
0.89575 -9.1945621
0.89975 -9.054553
0.90375 -8.9282646
0.90775 -8.855599
0.91175 -8.8063506
0.91575 -8.758204
0.91975 -8.7174152
0.92375 -8.6855432
0.92775 -8.7058174
0.93175 -8.7228155
0.93575 -8.711637
0.93975 -8.6829213
0.94375 -8.6728292
0.94775 -8.6525662
0.95175 -8.6211366
0.95575 -8.5997822
0.95975 -8.5771917
0.96375 -8.5730347
0.96775 -8.5017414
0.97175 -8.4196436
0.97575 -8.3602496
0.97975 -8.3153391
0.98375 -8.2852621
0.98775 -8.2033406
0.99175 -8.0994792
0.99575 -8.007042
0.99974 -7.9079381
1.00374 -7.8045906
1.00774 -7.683249
1.01174 -7.5569834
1.01574 -7.4265431
1.01974 -7.3204855
1.02374 -7.15089
1.02774 -6.9825602
1.03174 -6.8310908
1.03574 -6.6927319
1.03974 -6.5259117
1.04374 -6.3585645
1.04774 -6.1877811
1.05174 -6.0379677
1.05574 -5.8424711
1.05974 -5.6837261
1.06374 -5.5181473
1.06774 -5.3501517
1.07174 -5.1597561
1.07574 -4.9847863
1.07974 -4.7791174
1.08374 -4.5900474
1.08774 -4.4232388
1.09174 -4.2840803
1.09574 -4.1084452
1.09974 -4.0011527
1.10374 -3.9254894
1.10774 -3.8462371
1.11174 -3.7393155
1.11574 -3.6645828
1.11974 -3.5789293
1.12374 -3.4879359
1.12774 -3.3805221
1.13174 -3.3020292
1.13574 -3.2500729
1.13974 -3.1952194
1.14374 -3.1284923
1.14774 -3.1010094
1.15174 -3.0762202
1.15574 -3.0474013
1.15974 -3.0025065
1.16374 -2.97287
1.16774 -2.9500151
1.17174 -2.9454961
1.17574 -2.911447
1.17974 -2.876555
1.18374 -2.8709584
1.18774 -2.8695507
1.19174 -2.8774318
1.19574 -2.8955582
1.19974 -2.896929
1.20374 -2.903361
1.20774 -2.8607444
1.21174 -2.7747853
1.21574 -2.6435352
1.21974 -2.537156
1.22374 -2.4308074
1.22774 -2.3402671
1.23174 -2.2886218
1.23574 -2.2377737
1.23974 -2.2028383
1.24374 -2.1531173
1.24774 -2.1097007
1.25174 -2.0681934
1.25574 -2.0674861
1.25974 -2.0474082
1.26374 -1.9937313
1.26774 -1.9077957
1.27174 -1.7987665
1.27574 -1.7319498
1.27974 -1.6827696
1.28374 -1.5944104
1.28774 -1.5202843
1.29174 -1.4694054
1.29574 -1.3917455
1.29974 -1.3146733
1.30374 -1.2128986
1.30774 -1.1484265
1.31174 -1.0894204
1.31574 -1.0442816
1.31974 -1.0370975
1.32374 -1.0228928
1.32774 -0.9896298
1.33174 -0.92790179
1.33574 -0.88295867
1.33974 -0.83528192
1.34374 -0.80216556
1.34774 -0.78656378
1.35174 -0.73880449
1.35574 -0.6957752
1.35974 -0.64407752
1.36374 -0.60224074
1.36774 -0.58921154
1.37174 -0.5791418
1.37574 -0.55918114
1.37974 -0.54485132
1.38374 -0.53633353
1.38774 -0.53504621
1.39174 -0.53284554
1.39574 -0.5317568
1.39973 -0.53529098
1.40373 -0.54462709
1.40773 -0.55652051
1.41173 -0.5657186
1.41573 -0.59323339
1.41973 -0.61635384
1.42373 -0.62224746
1.42773 -0.61518648
1.43173 -0.6106645
1.43573 -0.6053991
1.43973 -0.59947946
1.44373 -0.58219218
1.44773 -0.57176959
1.45173 -0.53786022
1.45573 -0.48684493
1.45973 -0.44378326
1.46373 -0.39157926
1.46773 -0.35833043
1.47173 -0.35735249
1.47573 -0.36763709
1.47973 -0.37784766
1.48373 -0.39553038
1.48773 -0.40322803
1.49173 -0.39845238
1.49573 -0.39646898
1.49973 -0.37605458
1.50373 -0.37106692
1.50773 -0.36265452
1.51173 -0.35630836
1.51573 -0.32796196
1.51973 -0.30456181
1.52373 -0.28524604
1.52773 -0.26407767
1.53173 -0.24191325
1.53573 -0.21594159
1.53973 -0.19113791
1.54373 -0.17251812
1.54773 -0.15566089
1.55173 -0.13921049
1.55573 -0.12106113
1.55973 -0.099310632
1.56373 -0.078521179
1.56773 -0.058791713
1.57173 -0.041021824
1.57573 -0.028711743
1.57973 -0.017305105
1.58373 -0.010952536
1.58773 -0.005500974
1.59173 -0.000500064
1.59573 0
1.59973 -5.00061e-005
1.60373 -0.00850176
1.60773 -0.003000456
1.61173 0
1.61573 -0.003650579
1.61973 -0.021107029
1.62373 -0.01495406
1.62773 -0.009101939
1.63173 -0.003700588
1.63573 0
1.63973 0
1.64373 0
1.64773 0
1.65173 0
1.65573 0
1.65973 0
1.66373 0
1.66773 0
1.67173 0
1.67573 0
1.67973 0
1.68373 0
1.68773 0
1.69173 0
1.69573 0
1.69973 0
1.70373 0
1.70773 0
1.71173 0
1.71573 0
1.71973 0
1.72373 0
1.72773 0
1.73173 0
1.73573 0
1.73973 0
1.74373 0
1.74773 0
1.75173 0
1.75573 0
1.75973 0
1.76373 0
1.76773 0
1.77173 0
1.77573 0
1.77973 0
1.78373 0
1.78773 0
1.79173 0
1.79573 0
1.79972 0
1.80372 0
1.80772 0
1.81172 0
1.81572 0
1.81972 0
1.82372 0
1.82772 0
1.83172 0
1.83572 0
1.83972 0
1.84372 0
1.84772 0
1.85172 0
1.85572 0
1.85972 -0.001200161
1.86372 0
1.86772 0
1.87172 0
1.87572 0
1.87972 0
1.88372 0
1.88772 0
1.89172 0
1.89572 0
1.89972 0
1.90372 0
1.90772 0
1.91172 0
1.91572 0
1.91972 0
1.92372 0
1.92772 0
1.93172 0
1.93572 0
1.93972 -0.006951331
1.94372 -0.042423163
1.94772 -0.042172921
1.95172 -0.035366817
1.95572 -0.029262129
1.95972 -0.023708511
1.96372 -0.018455657
1.96772 -0.014003669
1.97172 -0.009652109
1.97572 -0.005901068
1.97972 -0.003950638
1.98372 -0.002600385
1.98772 0.001000149
1.99172 0.001400464
1.99572 0.039276138